0.312243 0.58034 0 0 0.6 0.6 5.19994 0
0.488643 0.58034 7.05603 0 0.859997 0.600045 5.19975 0.00179686
0.857961 0.58034 7.36976 -2.29896e-06 1.11998 0.600225 5.19943 0.00538996
1.09378 0.579747 5.71044 -0.0139764 1.37996 0.600629 5.19898 0.0107781
1.39758 0.578717 5.82706 -0.0252022 1.6399 0.601347 5.19839 0.0179597
1.67825 0.574526 5.69456 -0.0666014 1.89982 0.60247 5.19766 0.0269323
1.9833 0.571267 5.77721 -0.0818038 2.1597 0.604086 5.19678 0.0376932
2.22315 0.573661 5.44338 -0.047689 2.41954 0.606284 5.19573 0.0502389
2.51256 0.575547 5.49643 -0.0269175 2.67932 0.609155 5.1945 0.0645654
2.77682 0.583116 5.39621 0.0202663 2.93904 0.612786 5.19309 0.080668
3.04173 0.590521 5.38215 0.0570645 3.19869 0.617267 5.19147 0.0985415
3.31708 0.552184 5.34401 -0.131011 3.45825 0.622685 5.18963 0.11818
3.62755 0.503016 5.44811 -0.342393 3.71772 0.62913 5.18754 0.139576
3.91046 0.536314 5.49244 -0.167517 3.97708 0.636689 5.18519 0.162724
4.20268 0.538227 5.52982 -0.142579 4.23632 0.645449 5.18256 0.187614
4.46105 0.569467 5.33756 -0.0104863 4.49542 0.655498 5.17962 0.214238
4.6678 0.65522 5.18565 0.304527 4.75437 0.666921 5.17634 0.242587
4.91844 0.662118 5.01589 0.296692 5.01315 0.679804 5.1727 0.272649
5.22378 0.666753 5.12791 0.286332 5.27175 0.694234 5.16867 0.304413
5.48706 0.678457 5.27886 0.311673 5.53013 0.710295 5.16422 0.337868
5.79348 0.695643 5.36227 0.334844 5.78828 0.728072 5.15932 0.372999
6.03364 0.637278 5.11584 0.0853673 6.04618 0.747647 5.15393 0.409793
6.2934 0.738058 5.11053 0.415369 6.30379 0.769103 5.14803 0.448233
6.54409 0.773322 5.04931 0.488499 6.5611 0.792523 5.14157 0.488305
6.79486 0.770525 5.05068 0.427 6.81808 0.817988 5.13452 0.52999
7.0368 0.757176 4.85475 0.318242 7.07469 0.845578 5.12685 0.573269
7.25226 0.839683 4.79072 0.554305 7.3309 0.875373 5.11851 0.618123
7.55338 0.854092 5.17985 0.56063 7.58668 0.907449 5.10946 0.664531
7.81369 0.82354 5.18995 0.378653 7.84199 0.941886 5.09966 0.712469
8.06185 0.84134 4.97372 0.36658 8.0968 0.978759 5.08907 0.761915
8.29983 0.85379 4.95526 0.357074 8.35106 1.01814 5.07766 0.812843
8.57243 0.959253 5.25534 0.701247 8.60472 1.06011 5.06537 0.865226
8.81808 1.01822 5.21125 0.821121 8.85775 1.10473 5.05216 0.919037
9.1102 1.06287 5.24308 0.867353 9.1101 1.15208 5.03798 0.974245
9.35359 1.08707 5.20829 0.842756 9.36172 1.20223 5.0228 1.03082
9.63336 1.17483 5.2415 1.03696 9.61255 1.25524 5.00656 1.08873
9.91287 1.31271 5.22833 1.38113 9.86254 1.31118 4.98922 1.14794
10.1548 1.42464 4.91734 1.55496 10.1117 1.37011 4.97074 1.20841
10.3754 1.49104 4.85099 1.59778 10.3598 1.4321 4.95106 1.2701
10.6027 1.58652 4.5995 1.68461 10.6069 1.49721 4.93014 1.33298
10.8226 1.58639 4.58277 1.50014 10.853 1.56549 4.90794 1.39701
11.094 1.63816 4.81966 1.51409 11.0979 1.637 4.8844 1.46213
11.3802 1.66381 4.90401 1.39021 11.3416 1.71179 4.85948 1.52832
11.6106 1.71519 4.80552 1.35722 11.584 1.78992 4.83313 1.59551
11.8391 1.77087 4.77798 1.3535 11.8251 1.87144 4.80531 1.66366
12.0977 1.86946 4.95586 1.51806 12.0647 1.95639 4.77598 1.73273
12.3475 1.87798 4.96994 1.32622 12.3029 2.04482 4.74508 1.80265
12.6063 1.93304 5.0868 1.32301 12.5394 2.13677 4.71257 1.87338
12.8059 2.08777 4.94704 1.65073 12.7743 2.23227 4.67842 1.94485
13.0747 2.20838 5.09155 1.84651 13.0075 2.33137 4.64258 2.01701
13.281 2.36004 4.94829 2.10195 13.2388 2.43409 4.605 2.08981
13.4476 2.53192 4.45133 2.31482 13.4682 2.54047 4.56565 2.16317
13.6984 2.62962 4.47658 2.33886 13.6955 2.65053 4.52448 2.23703
13.9168 2.74813 4.43155 2.42144 13.9208 2.7643 4.48147 2.31134
14.1451 2.89735 4.38849 2.58534 14.1439 2.88179 4.43656 2.38601
14.3982 3.01426 4.60127 2.67135 14.3646 3.00303 4.38974 2.46099
14.6116 3.05472 4.57239 2.43803 14.583 3.12802 4.34097 2.5362
14.8405 3.22938 4.60851 2.69377 14.7989 3.25679 4.29021 2.61157
15.0518 3.42986 4.4936 2.97403 15.0122 3.38932 4.23744 2.68703
15.256 3.61659 4.2406 3.12894 15.2228 3.52563 4.18263 2.76249
15.4718 3.79453 4.17233 3.27909 15.4306 3.66572 4.12575 2.83789
15.6823 3.92956 4.13235 3.26976 15.6355 3.80957 4.06678 2.91315
15.9096 4.04762 4.14053 3.19769 15.8375 3.95719 4.00571 2.98817
16.1034 4.20752 3.9229 3.20897 16.0363 4.10854 3.94251 3.0629
16.2975 4.39943 3.84322 3.37571 16.2319 4.26363 3.87716 3.13723
16.5096 4.56455 3.88992 3.46061 16.4242 4.42242 3.80966 3.21109
16.6883 4.71875 3.81008 3.47306 16.613 4.5849 3.74 3.28438
16.8392 4.90271 3.41707 3.45694 16.7983 4.75103 3.66817 3.35704
16.9938 5.13465 3.26957 3.70556 16.9799 4.92077 3.59416 3.42897
17.1691 5.29058 3.26177 3.70804 17.1579 5.09409 3.51797 3.50008
17.3248 5.4633 3.17618 3.74064 17.3319 5.27094 3.4396 3.57028
17.4868 5.61293 3.11551 3.68662 17.5019 5.45128 3.35907 3.63949
17.6819 5.7142 3.16648 3.49031 17.6679 5.63506 3.27637 3.70762
17.8314 5.89408 3.02641 3.51655 17.8297 5.82221 3.19151 3.77458
17.9996 6.09893 2.98662 3.64705 17.9872 6.01269 3.10453 3.84027
18.1536 6.30302 2.96463 3.78733 18.1402 6.20641 3.01542 3.90462
18.2674 6.56962 2.7661 4.07273 18.2888 6.40332 2.92421 3.96753
18.4002 6.7842 2.64535 4.15512 18.4328 6.60333 2.83093 4.0289
18.5538 6.89709 2.67216 3.92705 18.572 6.80638 2.7356 4.08867
18.7071 7.1025 2.73729 4.05655 18.7064 7.01237 2.63825 4.14672
18.9147 7.22626 2.87109 3.83774 18.8359 7.22122 2.53893 4.20299
19.0072 7.40758 2.56627 3.73995 18.9604 7.43283 2.43767 4.25737
19.0811 7.7173 2.31215 4.13402 19.0798 7.64712 2.3345 4.3098
19.2076 7.91566 2.312 4.18635 19.1939 7.86397 2.22949 4.36017
19.2808 8.14607 2.12784 4.29745 19.3028 8.08329 2.12266 4.40842
19.3824 8.35361 2.11218 4.37105 19.4062 8.30497 2.01409 4.45445
19.4838 8.48254 2.08842 4.15482 19.5042 8.5289 1.90381 4.49819
19.5802 8.67809 1.97148 4.11936 19.5966 8.75494 1.7919 4.53956
19.7448 8.85172 2.06384 4.03978 19.6835 8.983 1.67841 4.57848
19.8232 9.0616 1.87329 4.0263 19.7645 9.21294 1.56341 4.61488
19.9449 9.31278 1.83721 4.18429 19.8398 9.44463 1.44697 4.64869
19.9937 9.52443 1.55574 4.1288 19.9093 9.67795 1.32916 4.67984
20.0678 9.78915 1.41701 4.31762 19.9728 9.91275 1.21005 4.70826
20.1279 10.0494 1.34607 4.54573 20.0303 10.1489 1.08972 4.73389
20.1638 10.3522 1.10302 4.78524 20.0818 10.3863 0.968259 4.75666
20.1737 10.5978 0.791191 4.77094 20.1271 10.6247 0.845742 4.77652
20.2252 10.882 0.640246 4.91108 20.1663 10.864 0.722256 4.7934
20.2481 11.1582 0.520506 5.07025 20.1993 11.1041 0.597892 4.80727
20.2881 11.3826 0.445638 5.00173 20.2261 11.3449 0.472738 4.81807
20.2246 11.6418 -0.0534169 4.89713 20.2466 11.5861 0.346889 4.82575
20.3049 11.8569 -0.000194172 4.80035 20.2608 11.8275 0.220439 4.83027
20.3344 12.0952 0.109232 4.95448 20.2687 12.0692 0.093487 4.83159
20.3146 12.3989 -0.10773 5.1108 20.2701 12.3108 -0.0338694 4.82968
20.2594 12.6399 -0.464371 4.95499 20.2652 12.5522 -0.161529 4.82451
20.2964 12.8549 -0.446376 4.84228 20.254 12.7933 -0.28939 4.81605
20.2913 13.0776 -0.516128 4.78334 20.2363 13.0339 -0.417348 4.80428
20.2634 13.2731 -0.61403 4.65656 20.2122 13.2738 -0.545298 4.78918
20.2276 13.5068 -0.701986 4.69484 20.1818 13.5129 -0.673135 4.77072
20.2038 13.7745 -0.815369 4.75829 20.1449 13.7509 -0.800753 4.74892
20.1516 13.9953 -0.9811 4.65499 20.1017 13.9878 -0.928043 4.72374
20.0903 14.2612 -1.1575 4.71399 20.0521 14.2233 -1.0549 4.69521
20.0186 14.4906 -1.29595 4.68391 19.9962 14.4573 -1.18121 4.66331
19.8996 14.7618 -1.58018 4.74919 19.934 14.6897 -1.30687 4.62805
19.8372 14.9751 -1.58695 4.70175 19.8655 14.9202 -1.43177 4.58944
19.8249 15.1729 -1.51517 4.55233 19.7908 15.1486 -1.55581 4.54751
19.699 15.3684 -1.89314 4.19142 19.7099 15.3749 -1.67887 4.50226
19.6875 15.5274 -1.80085 3.98685 19.6229 15.5989 -1.80085 4.45372
19.6121 15.7136 -1.84438 3.93554 19.5298 15.8203 -1.92164 4.40193
19.4919 15.9461 -2.05083 3.97436 19.4307 16.039 -2.04114 4.3469
19.4009 16.1462 -2.06091 4.00063 19.3257 16.2549 -2.15925 4.28868
19.289 16.329 -2.16717 3.9089 19.2148 16.4679 -2.27586 4.22731
19.1795 16.5158 -2.27322 3.81834 19.0981 16.6777 -2.39087 4.16284
19.0287 16.7544 -2.49638 3.88186 18.9757 16.8841 -2.50418 4.0953
18.8666 16.9488 -2.82537 3.66891 18.8477 17.0872 -2.61571 4.02476
18.6578 17.2203 -3.19664 3.77729 18.7142 17.2866 -2.72534 3.95127
18.5715 17.4189 -2.90957 3.8656 18.5752 17.4822 -2.83299 3.87489
18.3401 17.6348 -3.21793 3.8716 18.4309 17.674 -2.93858 3.79568
18.1968 17.8328 -3.18588 3.89092 18.2814 17.8617 -3.042 3.71372
18.0832 18.0088 -3.13825 3.77293 18.1268 18.0453 -3.14318 3.62906
17.9095 18.1537 -3.30231 3.50606 17.9671 18.2246 -3.24204 3.5418
17.804 18.2741 -3.20176 3.28445 17.8026 18.3994 -3.3385 3.45199
17.6818 18.4435 -3.17676 3.22305 17.6334 18.5697 -3.43247 3.35973
17.4665 18.6496 -3.41583 3.27293 17.4595 18.7353 -3.5239 3.26509
17.2911 18.7826 -3.52309 3.07588 17.281 18.8962 -3.61271 3.16817
17.1387 18.9122 -3.52449 2.92617 17.0983 19.0521 -3.69883 3.06904
16.9726 19.0818 -3.57204 2.90648 16.9113 19.203 -3.78221 2.9678
16.7469 19.2058 -3.74109 2.78246 16.7201 19.3488 -3.86278 2.86455
16.5509 19.3636 -3.8705 2.71272 16.5251 19.4894 -3.9405 2.75938
16.3016 19.5451 -4.11131 2.72973 16.3262 19.6246 -4.01531 2.65237
16.0816 19.6236 -4.21792 2.44219 16.1237 19.7545 -4.08716 2.54364
15.8705 19.7692 -4.30728 2.3736 15.9176 19.8789 -4.15602 2.43329
15.6901 19.8908 -4.16883 2.35519 15.7082 19.9978 -4.22185 2.32141
15.4424 20.0588 -4.35164 2.38952 15.4956 20.111 -4.28461 2.2081
15.2135 20.2125 -4.44422 2.39239 15.2799 20.2185 -4.34427 2.09347
15.0462 20.3311 -4.35579 2.28421 15.0613 20.3203 -4.4008 1.97763
14.8138 20.4116 -4.46 2.07406 14.84 20.4162 -4.4542 1.86068
14.6036 20.5273 -4.48359 1.99579 14.6161 20.5063 -4.50443 1.74272
14.3573 20.6195 -4.63772 1.82386 14.3897 20.5904 -4.55149 1.62386
14.114 20.6882 -4.69862 1.65625 14.1611 20.6686 -4.59537 1.50421
13.8717 20.7636 -4.78921 1.4851 13.9304 20.7408 -4.63606 1.38386
13.5883 20.8279 -4.93656 1.3349 13.6977 20.807 -4.67357 1.26294
13.3376 20.8611 -5.03571 1.0382 13.4632 20.8671 -4.70789 1.14153
13.1025 20.8875 -5.00704 0.816936 13.2271 20.9211 -4.73904 1.01975
12.8753 20.9476 -4.93478 0.742203 12.9895 20.969 -4.76702 0.897694
12.7057 20.9707 -4.75065 0.548273 12.7506 21.0108 -4.79186 0.775469
12.4494 21.0155 -4.81875 0.453934 12.5106 21.0465 -4.81358 0.653175
12.199 21.0527 -4.86761 0.344821 12.2695 21.0761 -4.83219 0.530912
11.9673 21.0703 -4.85645 0.193808 12.0276 21.0996 -4.84773 0.408778
11.7334 21.0336 -4.80585 -0.0532071 11.785 21.117 -4.86022 0.286869
11.4943 21.0174 -4.77368 -0.21406 11.5418 21.1283 -4.86971 0.165281
11.2879 21.0062 -4.68323 -0.366964 11.2982 21.1335 -4.87623 0.0441057
11.0385 20.9656 -4.68666 -0.546806 11.0544 21.1327 -4.87982 -0.076565
10.8374 20.924 -4.57261 -0.727919 10.8105 21.1259 -4.88053 -0.196643
10.5932 20.9229 -4.47557 -0.666514 10.5666 21.1131 -4.8784 -0.31604
10.2678 20.9776 -4.77687 -0.549381 10.3229 21.0943 -4.87349 -0.434674
10.0301 20.9564 -4.7865 -0.660388 10.0795 21.0697 -4.86585 -0.552463
9.86233 20.9122 -4.57358 -0.81439 9.83658 21.0391 -4.85554 -0.669327
9.63522 20.8999 -4.47413 -0.762083 9.59422 21.0028 -4.84262 -0.785189
9.45893 20.8505 -4.32633 -0.88731 9.35258 20.9607 -4.82714 -0.899977
9.25103 20.8004 -4.3432 -1.05313 9.11177 20.9128 -4.80919 -1.01362
8.89973 20.7954 -4.71302 -1.00136 8.87192 20.8594 -4.78881 -1.12605
8.69763 20.7083 -4.61802 -1.23866 8.63315 20.8003 -4.76608 -1.2372
8.38757 20.6358 -4.80797 -1.33846 8.39557 20.7358 -4.74108 -1.34701
8.15175 20.557 -4.78761 -1.50331 8.1593 20.6657 -4.71387 -1.45542
7.90544 20.4767 -4.77264 -1.6178 7.92445 20.5903 -4.68453 -1.56237
7.6857 20.3913 -4.73968 -1.82287 7.69111 20.5096 -4.65313 -1.66781
7.33253 20.3417 -5.05501 -1.80722 7.45939 20.4237 -4.61975 -1.7717
7.08048 20.2522 -4.99593 -1.86803 7.22939 20.3326 -4.58448 -1.87399
6.82261 20.1643 -4.98792 -1.95057 7.00119 20.2364 -4.54738 -1.97462
6.58475 20.0767 -4.90644 -1.99466 6.7749 20.1352 -4.50854 -2.07357
6.35738 19.9788 -4.82094 -2.08617 6.55059 20.0292 -4.46805 -2.17079
6.13661 19.8862 -4.7425 -2.17523 6.32834 19.9183 -4.42598 -2.26625
5.87996 19.7895 -4.76599 -2.23586 6.10823 19.8027 -4.38241 -2.35993
5.63074 19.6466 -4.80003 -2.50269 5.89034 19.6824 -4.33744 -2.45178
5.51308 19.5076 -4.38105 -2.65003 5.67472 19.5577 -4.29114 -2.5418
5.31918 19.3572 -4.23497 -2.7998 5.46145 19.4284 -4.24359 -2.62995
5.11905 19.2519 -4.15103 -2.84177 5.25059 19.2948 -4.19488 -2.71622
4.953 19.1369 -3.91391 -2.78645 5.04219 19.157 -4.1451 -2.80059
4.81541 18.985 -3.67632 -2.90676 4.8363 19.015 -4.09432 -2.88305
4.60487 18.8339 -3.72638 -3.09516 4.63297 18.8689 -4.04263 -2.96359
4.43074 18.7026 -3.62468 -3.14799 4.43224 18.7188 -3.99012 -3.0422
4.27148 18.5575 -3.43407 -3.11367 4.23416 18.5648 -3.93685 -3.11888
4.16428 18.4052 -3.17349 -3.19573 4.03876 18.4071 -3.88293 -3.19362
3.97177 18.2318 -3.31663 -3.57133 3.84606 18.2457 -3.82841 -3.26644
3.65497 18.093 -3.70168 -3.53454 3.65611 18.0807 -3.77339 -3.33732
3.4973 17.9465 -3.49298 -3.38355 3.46891 17.9122 -3.71795 -3.40627
3.241 17.7832 -3.68498 -3.41009 3.28449 17.7402 -3.66215 -3.47331
3.04902 17.5983 -3.70674 -3.6565 3.10287 17.565 -3.60609 -3.53844
2.87904 17.4801 -3.62107 -3.59903 2.92405 17.3866 -3.54982 -3.60167
2.73308 17.2621 -3.48445 -3.91909 2.74805 17.2051 -3.49344 -3.66302
2.55709 17.0692 -3.40728 -3.99096 2.57486 17.0205 -3.437 -3.72251
2.39653 16.9072 -3.21995 -3.74369 2.4045 16.833 -3.38059 -3.78014
2.23977 16.7382 -3.14702 -3.76898 2.23695 16.6427 -3.32428 -3.83595
2.05787 16.5414 -3.12376 -3.7503 2.07221 16.4497 -3.26812 -3.88995
1.90644 16.3127 -3.03756 -3.88066 1.91027 16.254 -3.21219 -3.94216
1.75408 16.1365 -2.95864 -3.82026 1.75112 16.0557 -3.15656 -3.99261
1.53372 15.9739 -3.13352 -3.79862 1.59474 15.8549 -3.10129 -4.04132
1.40455 15.7382 -3.03912 -4.16275 1.44111 15.6517 -3.04644 -4.08832
1.22631 15.515 -3.05042 -4.24256 1.29021 15.4463 -2.99207 -4.13364
1.0578 15.3239 -3.02802 -4.17746 1.14201 15.2386 -2.93825 -4.1773
0.828748 15.1016 -3.22096 -4.23099 0.996486 15.0288 -2.88503 -4.21933
0.68034 14.9235 -3.11985 -4.07604 0.853604 14.8169 -2.83246 -4.25977
0.618487 14.7143 -2.78333 -4.11892 0.71333 14.603 -2.78061 -4.29864
0.500738 14.4696 -2.69134 -4.41568 0.575628 14.3872 -2.72952 -4.33598
0.318227 14.2425 -2.77396 -4.47522 0.440459 14.1696 -2.67925 -4.37181
0.174264 13.9869 -2.74738 -4.78668 0.307779 13.9502 -2.62984 -4.40617
0.224948 13.735 -2.03915 -4.82026 0.177545 13.7292 -2.58135 -4.43909
0.11814 13.4927 -1.94509 -4.93287 0.0497099 13.5065 -2.53381 -4.47061
-0.0701273 13.2532 -2.12559 -4.97943 -0.0757753 13.2823 -2.48728 -4.50075
-0.189701 13.0394 -2.0539 -4.74584 -0.198962 13.0566 -2.44179 -4.52955
-0.143316 12.8231 -1.50319 -4.71628 -0.319903 12.8295 -2.39739 -4.55704
-0.252698 12.5992 -1.4751 -4.57421 -0.438654 12.6011 -2.35412 -4.58326
-0.389054 12.3692 -1.57307 -4.61571 -0.555273 12.3714 -2.31202 -4.60823
-0.511274 12.1616 -1.62878 -4.56003 -0.669818 12.1404 -2.27111 -4.63198
-0.587006 11.9512 -1.54345 -4.55378 -0.78235 11.9083 -2.23144 -4.65456
-0.720227 11.7205 -1.65708 -4.58733 -0.892931 11.6751 -2.19304 -4.67598
-0.95827 11.4736 -2.11572 -4.6143 -1.00163 11.4409 -2.15594 -4.69628
-1.06185 11.2475 -2.08559 -4.49514 -1.1085 11.2057 -2.12017 -4.71549
-1.25926 11.023 -2.38074 -4.4901 -1.21362 10.9695 -2.08575 -4.73364
-1.33469 10.7709 -2.22712 -4.80194 -1.31706 10.7324 -2.05273 -4.75075
-1.46979 10.5116 -2.28569 -4.85543 -1.41889 10.4945 -2.02111 -4.76686
-1.57475 10.2416 -2.22838 -5.04477 -1.51917 10.2559 -1.99093 -4.78198
-1.6489 10.0345 -2.06599 -4.96499 -1.61797 10.0165 -1.96221 -4.79615
-1.73525 9.80657 -1.97208 -4.86744 -1.71539 9.77637 -1.93498 -4.80939
-1.78628 9.59401 -1.77963 -4.80807 -1.81147 9.53564 -1.90924 -4.82172
-1.91941 9.33305 -1.87987 -4.99929 -1.90631 9.29431 -1.88502 -4.83316
-1.99795 9.03297 -1.7838 -5.1099 -1.99998 9.05243 -1.86233 -4.84374
-2.07535 8.81572 -1.70761 -4.90903 -2.09256 8.81003 -1.8412 -4.85347
-2.16821 8.56478 -1.69226 -4.9383 -2.18412 8.56717 -1.82164 -4.86238
-2.31672 8.30122 -1.87048 -5.00893 -2.27474 8.32388 -1.80365 -4.87047
-2.33143 8.08057 -1.58032 -4.934 -2.3645 8.0802 -1.78726 -4.87778
-2.37085 7.8783 -1.40992 -4.81611 -2.45348 7.83617 -1.77248 -4.8843
-2.49999 7.62177 -1.55439 -4.89164 -2.54177 7.59184 -1.75931 -4.89006
-2.67876 7.37968 -1.87545 -4.76005 -2.62944 7.34723 -1.74777 -4.89507
-2.78727 7.12639 -1.92977 -4.79489 -2.71658 7.10238 -1.73786 -4.89933
-2.82876 6.89726 -1.70931 -4.88827 -2.80326 6.85734 -1.72958 -4.90286
-2.84292 6.70718 -1.44998 -4.73536 -2.88957 6.61214 -1.72295 -4.90566
-2.87606 6.50242 -1.31617 -4.5001 -2.97559 6.36681 -1.71797 -4.90774
-2.93276 6.27138 -1.26274 -4.51548 -3.0614 6.12139 -1.71464 -4.90911
-3.07173 6.01105 -1.46664 -4.71409 -3.14709 5.87592 -1.71297 -4.90976
-3.17402 5.7237 -1.55797 -4.84645 -3.23274 5.63043 -1.71295 -4.9097
-3.29165 5.47118 -1.72683 -4.76715 -3.31843 5.38496 -1.71458 -4.90893
-3.40358 5.20275 -1.8308 -4.84534 -3.40424 5.13955 -1.71787 -4.90745
-3.46135 4.95856 -1.68363 -4.9198 -3.49026 4.89422 -1.72281 -4.90525
-3.59977 4.65971 -1.86893 -5.09038 -3.57657 4.64902 -1.72939 -4.90233
-3.71056 4.40172 -1.98974 -5.01473 -3.66325 4.40398 -1.73763 -4.89868
-3.86551 4.11336 -2.19846 -5.143 -3.75039 4.15913 -1.74749 -4.8943
-3.92692 3.8819 -1.965 -5.13102 -3.83806 3.91452 -1.75899 -4.88918
-3.98556 3.66598 -1.84139 -4.98272 -3.92635 3.67019 -1.77212 -4.8833
-4.06774 3.48364 -1.83409 -4.73661 -4.01533 3.42616 -1.78686 -4.87666
-4.15982 3.24079 -1.84646 -4.75065 -4.10509 3.18248 -1.8032 -4.86925
-4.27976 2.9775 -1.9784 -4.81473 -4.19571 2.93919 -1.82113 -4.86104
-4.37909 2.69155 -2.01768 -4.93724 -4.28727 2.69633 -1.84065 -4.85202
-4.46018 2.44545 -1.92607 -4.93811 -4.37985 2.45393 -1.86173 -4.84218
-4.57102 2.16796 -1.97178 -5.04439 -4.47352 2.21205 -1.88436 -4.83149
-4.67483 1.9487 -2.12762 -4.89765 -4.56836 1.97072 -1.90853 -4.81994
-4.80181 1.65539 -2.21689 -5.05502 -4.66444 1.72998 -1.93422 -4.80751
-4.92172 1.40611 -2.29597 -5.03461 -4.76186 1.48989 -1.9614 -4.79417
-4.97457 1.19783 -2.20085 -4.83168 -4.86066 1.25049 -1.99007 -4.7799
-5.06133 1.00503 -2.12164 -4.63481 -4.96095 1.01182 -2.02019 -4.76468
-5.11739 0.790439 -2.05682 -4.53256 -5.06277 0.77393 -2.05174 -4.74848
-5.21974 0.461466 -2.11137 -4.87408 -5.16621 0.536876 -2.08471 -4.73127
-5.29302 0.228526 -2.07268 -4.81278 -5.27133 0.300706 -2.11906 -4.71303
-5.40162 0.0013239 -1.98962 -4.72535 -5.3782 0.0654719 -2.15477 -4.69374
-5.46838 -0.230982 -1.93603 -4.69802 -5.4869 -0.168772 -2.1918 -4.67335
-5.58956 -0.37985 -2.0921 -4.45473 -5.59748 -0.401971 -2.23014 -4.65185
-5.72464 -0.547556 -2.19548 -4.27317 -5.71001 -0.634069 -2.26974 -4.62919
-5.84197 -0.786354 -2.4274 -4.43783 -5.82456 -0.865006 -2.31058 -4.60536
-5.94087 -1.09099 -2.39138 -4.67586 -5.94118 -1.09472 -2.35262 -4.58032
-6.02591 -1.38327 -2.28159 -4.82929 -6.05993 -1.32316 -2.39581 -4.55404
-6.16854 -1.58246 -2.39669 -4.68116 -6.18087 -1.55025 -2.44014 -4.52648
-6.31245 -1.82807 -2.67006 -4.81544 -6.30406 -1.77593 -2.48555 -4.49762
-6.42293 -2.09583 -2.65137 -4.88273 -6.42954 -2.00014 -2.532 -4.46742
-6.57462 -2.28188 -2.67323 -4.59578 -6.55738 -2.22281 -2.57946 -4.43585
-6.72911 -2.48408 -2.78182 -4.47548 -6.68761 -2.44386 -2.62788 -4.40288
-6.88727 -2.68836 -2.88168 -4.37202 -6.82029 -2.66323 -2.6772 -4.36847
-6.97195 -2.98648 -2.75012 -4.6054 -6.95546 -2.88084 -2.7274 -4.3326
-7.09903 -3.2085 -2.69006 -4.5037 -7.09316 -3.09663 -2.7784 -4.29523
-7.22459 -3.38708 -2.73793 -4.34932 -7.23344 -3.3105 -2.83017 -4.25632
-7.36806 -3.64865 -2.75492 -4.46097 -7.37632 -3.5224 -2.88265 -4.21586
-7.53667 -3.74786 -2.93995 -4.06001 -7.52184 -3.73223 -2.93579 -4.1738
-7.68376 -3.9544 -3.04421 -4.08082 -7.67004 -3.93992 -2.98953 -4.13012
-7.83264 -4.19907 -3.06094 -4.1658 -7.82094 -4.14538 -3.04381 -4.08479
-7.98313 -4.41983 -3.07244 -4.15771 -7.97457 -4.34854 -3.09857 -4.03778
-8.13911 -4.67446 -3.08215 -4.26522 -8.13095 -4.5493 -3.15376 -3.98906
-8.27615 -4.87394 -2.92154 -4.07382 -8.2901 -4.74759 -3.2093 -3.93862
-8.399 -5.09572 -2.88032 -4.12015 -8.45204 -4.94331 -3.26514 -3.88641
-8.55258 -5.24381 -2.90188 -3.88335 -8.61678 -5.13637 -3.32121 -3.83242
-8.73904 -5.44006 -3.02074 -3.849 -8.78433 -5.32669 -3.37745 -3.77663
-8.90128 -5.63542 -3.1019 -3.85088 -8.95469 -5.51417 -3.43377 -3.71901
-9.05367 -5.82128 -3.13343 -3.8093 -9.12788 -5.69872 -3.49012 -3.65955
-9.1979 -5.96113 -3.10584 -3.59501 -9.30388 -5.88026 -3.54643 -3.59823
-9.37868 -6.03924 -3.24811 -3.26768 -9.4827 -6.05868 -3.60261 -3.53503
-9.56036 -6.22047 -3.40071 -3.31665 -9.66432 -6.23389 -3.6586 -3.46994
-9.68528 -6.45484 -3.30261 -3.48957 -9.84874 -6.4058 -3.71431 -3.40295
-9.92198 -6.60352 -3.65727 -3.43123 -10.0359 -6.57431 -3.76969 -3.33404
-10.1269 -6.77945 -3.75681 -3.37633 -10.2259 -6.73933 -3.82463 -3.26321
-10.3175 -6.93358 -3.8482 -3.29728 -10.4186 -6.90075 -3.87907 -3.19046
-10.5481 -7.13234 -3.9693 -3.30869 -10.614 -7.05849 -3.93293 -3.11577
-10.7629 -7.25884 -4.07037 -3.11325 -10.8121 -7.21245 -3.98613 -3.03916
-11.0103 -7.43464 -4.21613 -3.06793 -11.0128 -7.36252 -4.03859 -2.96062
-11.2015 -7.56323 -4.14117 -2.87118 -11.2161 -7.50862 -4.09021 -2.88015
-11.333 -7.73613 -3.99998 -2.93833 -11.422 -7.65064 -4.14093 -2.79777
-11.5319 -7.85405 -4.04495 -2.79374 -11.6304 -7.78849 -4.19066 -2.71349
-11.7043 -7.95822 -4.03891 -2.65495 -11.8413 -7.92208 -4.23932 -2.6273
-11.8982 -8.06362 -3.96445 -2.44657 -12.0546 -8.05131 -4.28682 -2.53924
-12.107 -8.15098 -4.04425 -2.27798 -12.2702 -8.17609 -4.33309 -2.44932
-12.3446 -8.27631 -4.41024 -2.36978 -12.4881 -8.29633 -4.37802 -2.35756
-12.5468 -8.36335 -4.42718 -2.21487 -12.7082 -8.41193 -4.42156 -2.26399
-12.7544 -8.43842 -4.30565 -1.95043 -12.9304 -8.5228 -4.4636 -2.16863
-13.0345 -8.53227 -4.49282 -1.7983 -13.1547 -8.62886 -4.50407 -2.07151
-13.2963 -8.62273 -4.72947 -1.73297 -13.381 -8.73002 -4.54289 -1.97267
-13.5131 -8.67761 -4.73628 -1.55198 -13.6092 -8.82619 -4.57997 -1.87214
-13.731 -8.70365 -4.56954 -1.21614 -13.8392 -8.91729 -4.61524 -1.76997
-13.9386 -8.8411 -4.52988 -1.33235 -14.0709 -9.00324 -4.64861 -1.6662
-14.2051 -8.9238 -4.88233 -1.37171 -14.3043 -9.08395 -4.68001 -1.56086
-14.4184 -9.06559 -4.80239 -1.51854 -14.5391 -9.15936 -4.70936 -1.45402
-14.643 -9.13933 -4.6975 -1.39823 -14.7754 -9.22939 -4.73658 -1.34573
-14.9427 -9.12146 -4.89813 -1.01131 -15.013 -9.29397 -4.76161 -1.23603
-15.2058 -9.19247 -4.95126 -0.952752 -15.2517 -9.35302 -4.78436 -1.125
-15.4618 -9.33479 -4.94836 -1.12937 -15.4916 -9.40649 -4.80476 -1.01269
-15.697 -9.36857 -4.75575 -0.903778 -15.7324 -9.45431 -4.82275 -0.899159
-15.9463 -9.46307 -4.77776 -0.950799 -15.9741 -9.49642 -4.83827 -0.784484
-16.1954 -9.47405 -4.76279 -0.730264 -16.2164 -9.53277 -4.85124 -0.668734
-16.4474 -9.45612 -4.82136 -0.471626 -16.4594 -9.5633 -4.8616 -0.55198
-16.6559 -9.46551 -4.73705 -0.340493 -16.7027 -9.58797 -4.8693 -0.434301
-16.9482 -9.43384 -4.87042 -0.0503739 -16.9464 -9.60673 -4.87427 -0.315773
-17.1972 -9.50681 -4.99089 -0.195339 -17.1903 -9.61954 -4.87646 -0.196479
-17.4609 -9.52503 -5.02256 -0.113911 -17.4342 -9.62636 -4.87583 -0.0765024
-17.7183 -9.51366 -4.94727 0.0726323 -17.6781 -9.62717 -4.87232 0.0440703
-17.9762 -9.4728 -4.97595 0.296389 -17.9216 -9.62194 -4.86588 0.165151
-18.219 -9.43488 -4.88435 0.499576 -18.1648 -9.61064 -4.85648 0.286648
-18.3975 -9.5079 -4.71069 0.286001 -18.4074 -9.59325 -4.84408 0.40847
-18.6313 -9.50347 -4.82608 0.311697 -18.6493 -9.56977 -4.82864 0.530522
-18.886 -9.48757 -4.84895 0.403874 -18.8904 -9.54017 -4.81012 0.652707
-19.1141 -9.45211 -4.87217 0.50957 -19.1305 -9.50447 -4.78851 0.774927
-19.3799 -9.30036 -4.92336 0.994863 -19.3694 -9.46265 -4.76378 0.897083
-19.6156 -9.21606 -4.77346 1.2367 -19.6069 -9.41472 -4.73591 1.01907
-19.8763 -9.07339 -4.77782 1.62592 -19.8431 -9.36071 -4.70487 1.1408
-20.1236 -8.95561 -4.79482 1.87338 -20.0775 -9.30061 -4.67066 1.26215
-20.2463 -9.17524 -4.43135 1.0221 -20.3102 -9.23446 -4.63328 1.38303
-20.4826 -9.14511 -4.52418 1.03357 -20.5409 -9.16227 -4.59271 1.50334
-20.7149 -9.02537 -4.53946 1.29965 -20.7696 -9.08409 -4.54895 1.62296
-20.9585 -8.94491 -4.51444 1.4414 -20.9959 -8.99994 -4.50202 1.74179
-21.1515 -8.87781 -4.42144 1.49355 -21.2198 -8.90987 -4.45191 1.85972
-21.3842 -8.79465 -4.36991 1.61444 -21.4412 -8.81393 -4.39865 1.97666
-21.5664 -8.78538 -4.2544 1.47233 -21.6597 -8.71217 -4.34224 2.0925
-21.7506 -8.65645 -3.9701 1.69965 -21.8754 -8.60465 -4.2827 2.20712
-21.9531 -8.56661 -3.94 1.8036 -22.0881 -8.49143 -4.22007 2.32043
-22.1633 -8.46802 -4.07011 1.91008 -22.2975 -8.37258 -4.15437 2.43232
-22.4084 -8.34407 -4.11437 2.09809 -22.5035 -8.24817 -4.08564 2.5427
-22.5954 -8.23745 -3.98006 2.1839 -22.7061 -8.11829 -4.01391 2.65145
-22.867 -7.92357 -4.02331 2.94799 -22.9049 -7.98301 -3.93923 2.75848
-23.0622 -7.76207 -3.78544 3.13235 -23.1 -7.84243 -3.86163 2.8637
-23.2931 -7.56949 -3.74572 3.39675 -23.2911 -7.69663 -3.78118 2.967
-23.5001 -7.42518 -3.88132 3.41353 -23.4781 -7.54572 -3.69792 3.06828
-23.6549 -7.30722 -3.7129 3.33793 -23.6609 -7.3898 -3.61191 3.16746
-23.8527 -7.1313 -3.70906 3.46462 -23.8393 -7.22897 -3.52321 3.26445
-23.9956 -7.08997 -3.53194 3.14748 -24.0132 -7.06336 -3.43189 3.35916
-24.1642 -6.90449 -3.39928 3.29938 -24.1825 -6.89307 -3.33801 3.45149
-24.3381 -6.61554 -3.31074 3.74484 -24.347 -6.71823 -3.24166 3.54138
-24.5064 -6.43596 -3.14587 3.819 -24.5066 -6.53896 -3.14289 3.62873
-24.5842 -6.34637 -2.89842 3.57442 -24.6612 -6.35538 -3.0418 3.71347
-24.7247 -6.16395 -2.81892 3.66152 -24.8107 -6.16764 -2.93846 3.79553
-24.9155 -5.93724 -2.811 3.88514 -24.955 -5.97587 -2.83295 3.87484
-25.0483 -5.72745 -2.72149 4.00125 -25.094 -5.7802 -2.72537 3.95132
-25.1767 -5.57447 -2.60886 3.93029 -25.2276 -5.58079 -2.61581 4.02492
-25.3315 -5.38837 -2.65667 3.97195 -25.3556 -5.37777 -2.50435 4.09557
-25.4847 -5.14641 -2.60794 4.16182 -25.4779 -5.1713 -2.39109 4.16322
-25.6126 -4.97825 -2.6072 4.09665 -25.5946 -4.96152 -2.27613 4.22781
-25.7264 -4.82854 -2.50309 3.97733 -25.7055 -4.7486 -2.15956 4.2893
-25.8447 -4.62321 -2.41043 4.03525 -25.8105 -4.53268 -2.04149 4.34764
-25.9673 -4.35532 -2.33492 4.27013 -25.9096 -4.31392 -1.92202 4.40279
-26.0735 -4.13002 -1.99496 4.33251 -26.0027 -4.0925 -1.80125 4.45471
-26.1696 -3.81365 -1.83193 4.67457 -26.0897 -3.86856 -1.67928 4.50337
-26.2452 -3.56529 -1.51472 4.77067 -26.1706 -3.64227 -1.55623 4.54875
-26.2657 -3.30166 -1.23166 4.87046 -26.2453 -3.41381 -1.4322 4.59081
-26.3191 -3.05468 -1.02831 4.92106 -26.3138 -3.18332 -1.30729 4.62954
-26.3322 -2.84229 -0.789823 4.8437 -26.376 -2.95098 -1.18162 4.66493
-26.3934 -2.62881 -0.756266 4.78432 -26.4319 -2.71697 -1.05529 4.69696
-26.4594 -2.52988 -0.677324 4.41828 -26.4815 -2.48143 -0.928411 4.72562
-26.5168 -2.30245 -0.675067 4.46008 -26.5247 -2.24456 -0.80109 4.75091
-26.5652 -2.11639 -0.585377 4.37692 -26.5616 -2.0065 -0.673434 4.77284
-26.597 -1.88725 -0.553303 4.419 -26.5921 -1.76744 -0.545553 4.79141
-26.5991 -1.612 -0.396271 4.57941 -26.6161 -1.52753 -0.417552 4.80664
-26.5936 -1.39677 -0.157373 4.54517 -26.6338 -1.28695 -0.289538 4.81852
-26.5986 -1.15817 -0.0236461 4.58085 -26.6451 -1.04586 -0.161616 4.8271
-26.6286 -0.945516 0.0213324 4.53908 -26.65 -0.804425 -0.0338883 4.83238
-26.6434 -0.665268 0.119726 4.69468 -26.6485 -0.562811 0.0935412 4.83439
-26.6295 -0.419508 0.348822 4.72774 -26.6406 -0.321181 0.220572 4.83317
-26.5843 -0.0799965 0.574881 5.00299 -26.6264 -0.0796947 0.347104 4.82874
-26.5656 0.169957 0.718935 4.99078 -26.6059 0.161489 0.473041 4.82116
-26.5409 0.486191 0.863356 5.16215 -26.5792 0.402213 0.598287 4.81045
-26.5303 0.735641 0.839499 5.11112 -26.5462 0.642323 0.722748 4.79667
-26.5245 1.01916 0.89802 5.1786 -26.5069 0.881666 0.846334 4.77986
-26.4839 1.30774 0.885591 5.24043 -26.4616 1.12009 0.968955 4.76007
-26.4325 1.50664 0.989625 5.04201 -26.4101 1.35745 1.09053 4.73737
-26.3913 1.71277 1.04031 4.88983 -26.3526 1.59361 1.21096 4.71181
-26.3435 1.88643 1.10743 4.66882 -26.2891 1.82841 1.33018 4.68345
-26.273 2.11191 1.29368 4.62836 -26.2197 2.06173 1.44811 4.65235
-26.2168 2.27428 1.35678 4.40494 -26.1444 2.29342 1.56467 4.61859
-26.1539 2.48844 1.39164 4.35082 -26.0633 2.52336 1.67979 4.58223
-26.0767 2.74883 1.5065 4.44429 -25.9765 2.75141 1.79339 4.54334
-25.9794 2.96757 1.80323 4.40818 -25.8841 2.97746 1.90543 4.502
-25.8704 3.28706 1.99072 4.64115 -25.7861 3.20139 2.01582 4.45828
-25.7871 3.52351 2.07408 4.60776 -25.6826 3.42306 2.12452 4.41227
-25.6828 3.70332 2.17357 4.41172 -25.5737 3.64239 2.23146 4.36404
-25.5675 3.90502 2.30239 4.30196 -25.4596 3.85924 2.3366 4.31367
-25.5052 4.05624 2.29124 4.06656 -25.3402 4.07353 2.43989 4.26125
-25.3848 4.24676 2.40532 3.97005 -25.2157 4.28514 2.54127 4.20686
-25.2178 4.48976 2.61672 4.02857 -25.0863 4.49399 2.64071 4.15058
-25.0697 4.68048 2.6396 3.91599 -24.9518 4.69998 2.73817 4.09251
-24.9526 4.87421 2.70354 3.84984 -24.8126 4.90303 2.83361 4.03273
-24.797 5.06053 2.82465 3.76764 -24.6686 5.10304 2.92701 3.97132
-24.6229 5.29925 2.99444 3.84496 -24.5201 5.29995 3.01833 3.90839
-24.4499 5.47668 3.23321 3.73249 -24.367 5.49367 3.10754 3.84401
-24.2594 5.6501 3.38483 3.60515 -24.2095 5.68414 3.19464 3.77827
-24.0973 5.80345 3.49899 3.43734 -24.0477 5.8713 3.27959 3.71127
-23.9214 5.96105 3.59444 3.29559 -23.8818 6.05508 3.36239 3.64309
-23.7826 6.1398 3.32542 3.20584 -23.7117 6.23542 3.44302 3.57383
-23.6215 6.29339 3.38274 3.11638 -23.5377 6.41227 3.52148 3.50357
-23.4748 6.45602 3.34532 3.05967 -23.3598 6.58559 3.59775 3.4324
-23.2369 6.73219 3.56936 3.36284 -23.1781 6.75533 3.67185 3.36041
-23.0412 6.86577 3.65013 3.20295 -22.9928 6.92146 3.74376 3.28768
-22.8264 7.05173 3.77885 3.21935 -22.804 7.08393 3.8135 3.21431
-22.6107 7.18738 3.97633 3.0723 -22.6117 7.24273 3.88106 3.14038
-22.4311 7.32184 3.99355 2.93461 -22.4161 7.39782 3.94647 3.06598
-22.1943 7.46217 4.33309 2.81789 -22.2173 7.54917 4.00974 2.99118
-22.0103 7.62125 4.34941 2.76174 -22.0154 7.69679 4.07087 2.91607
-21.8227 7.80839 4.17951 2.81561 -21.8105 7.84064 4.12989 2.84074
-21.6204 7.9416 4.21726 2.71581 -21.6026 7.98072 4.18681 2.76526
-21.4303 8.07357 4.1968 2.62787 -21.392 8.11703 4.24166 2.68971
-21.2266 8.06494 4.15908 2.15267 -21.1787 8.24957 4.29447 2.61417
-21.0377 8.21029 3.97976 2.16472 -20.9628 8.37833 4.34526 2.53871
-20.8632 8.37502 3.99416 2.25055 -20.7444 8.50333 4.39406 2.46341
-20.6145 8.49079 4.31843 2.18642 -20.5237 8.62457 4.4409 2.38835
-20.3525 8.65174 4.47436 2.26696 -20.3006 8.74206 4.48582 2.31358
-20.1534 8.78708 4.3136 2.28241 -20.0753 8.85583 4.52884 2.23919
-19.9665 8.87513 4.2766 2.14377 -19.848 8.96589 4.57001 2.16524
-19.7698 8.98581 4.18762 2.1057 -19.6186 9.07227 4.60937 2.09179
-19.5577 9.0495 4.1989 1.94011 -19.3873 9.17499 4.64694 2.01891
-19.3079 9.16692 4.43208 1.93793 -19.1542 9.27409 4.68278 1.94666
-19.0082 9.27731 4.62886 1.9299 -18.9193 9.36959 4.71692 1.8751
-18.7922 9.35814 4.64779 1.80604 -18.6827 9.46154 4.7494 1.80429
-18.5285 9.47005 4.75327 1.80569 -18.4446 9.54996 4.78028 1.73429
-18.2593 9.50198 5.00623 1.50405 -18.2049 9.63492 4.80959 1.66514
-17.94 9.65897 5.23311 1.66281 -17.9639 9.71643 4.83737 1.59691
-17.684 9.77563 5.0673 1.74107 -17.7214 9.79457 4.86368 1.52964
-17.4091 9.87928 5.1429 1.73601 -17.4777 9.86936 4.88856 1.46338
-17.1507 9.9707 5.19516 1.68131 -17.2328 9.94087 4.91205 1.39818
-16.8795 10.0885 5.25809 1.72394 -16.9868 10.0091 4.93421 1.33408
-16.6146 10.1685 5.29284 1.64378 -16.7396 10.0743 4.95507 1.27113
-16.3819 10.2515 5.2455 1.57389 -16.4915 10.1362 4.97469 1.20937
-16.1145 10.3326 5.32307 1.50499 -16.2424 10.1952 4.99311 1.14883
-15.9144 10.3065 5.13179 1.13357 -15.9924 10.2511 5.01039 1.08956
-15.6682 10.3698 5.0745 1.08899 -15.7416 10.3041 5.02655 1.03159
-15.4822 10.3208 4.8688 0.721263 -15.4899 10.3543 5.04166 0.974957
-15.1701 10.364 5.24131 0.599485 -15.2376 10.4016 5.05576 0.919692
-14.9053 10.4164 5.27755 0.55508 -14.9846 10.4462 5.06889 0.865828
-14.6755 10.4401 4.94716 0.544246 -14.7309 10.4882 5.0811 0.813394
-14.4549 10.3843 4.83819 0.237318 -14.4766 10.5276 5.09243 0.762418
-14.2001 10.4008 4.87346 0.164687 -14.2218 10.5645 5.10293 0.712926
-13.8503 10.6075 5.21749 0.69473 -13.9665 10.5989 5.11263 0.664944
-13.5884 10.6767 5.11753 0.824244 -13.7107 10.631 5.12159 0.618496
-13.3603 10.6598 5.03037 0.619212 -13.4545 10.6608 5.12983 0.573603
-13.0952 10.6823 5.14128 0.525189 -13.1979 10.6884 5.13741 0.530288
-12.8314 10.7913 5.21164 0.716621 -12.9409 10.7138 5.14436 0.48857
-12.5562 10.8498 5.2593 0.764123 -12.6836 10.7373 5.15071 0.448467
-12.3519 10.7884 5.06238 0.437078 -12.426 10.7587 5.15651 0.409997
-12.0956 10.8229 5.03831 0.453389 -12.1681 10.7783 5.16179 0.373177
-11.8451 10.8968 5.07234 0.55338 -11.91 10.7961 5.16658 0.338022
-11.559 10.9217 5.19352 0.509855 -11.6516 10.8121 5.17092 0.304546
-11.3451 10.9246 5.07485 0.395242 -11.393 10.8265 5.17484 0.272761
-11.0787 10.8549 5.37627 -0.122709 -11.1342 10.8394 5.17836 0.242681
-10.7703 10.826 5.45366 -0.273258 -10.8753 10.8509 5.18153 0.214317
-10.5178 10.8258 5.3099 -0.278084 -10.6161 10.8609 5.18435 0.187679
-10.2931 10.8077 5.20477 -0.393912 -10.3569 10.8697 5.18687 0.162776
-10.0522 10.8606 4.89211 -0.109797 -10.0976 10.8772 5.1891 0.139618
-9.78328 10.9228 4.99177 0.0346626 -9.83809 10.8837 5.19106 0.118212
-9.57581 10.8823 4.88488 -0.141962 -9.57852 10.8891 5.19278 0.0985664
-9.30387 10.922 4.98424 -0.0515516 -9.31887 10.8936 5.19428 0.0806865
-9.07246 10.8898 4.9067 -0.156191 -9.05915 10.8972 5.19557 0.0645787
-8.79175 10.9368 5.03176 -0.0361326 -8.79937 10.9001 5.19667 0.050248
-8.57096 10.8787 4.92828 -0.229508 -8.53953 10.9023 5.19759 0.0376992
-8.44651 10.7774 4.54077 -0.517637 -8.27965 10.9039 5.19835 0.0269359
-8.20471 10.7827 4.53389 -0.455509 -8.01974 10.905 5.19896 0.0179617
-7.80052 10.8752 5.04656 -0.117955 -7.75979 10.9057 5.19942 0.0107791
-7.53286 10.8771 5.04181 -0.0464393 -7.49981 10.9061 5.19975 0.00539029
-7.24729 10.8753 5.12935 -0.0256952 -7.23983 10.9063 5.19994 0.00179692
