0.201778 0.385989 0 0 0.359997 0.600041 -4.80025 0.0016588
0.202078 0.385989 0.012009 0 0.119984 0.600207 -4.80057 0.00497648
0.0668804 0.385989 -1.55139 -1.4818e-07 -0.120044 0.600581 -4.801 0.00995308
-0.0565122 0.385989 -2.00478 1.04993e-05 -0.360093 0.601244 -4.80155 0.0165887
-0.385199 0.386039 -3.76238 0.0019199 -0.60017 0.602281 -4.80221 0.0248832
-0.608071 0.386182 -3.9764 0.00338036 -0.840279 0.603774 -4.80296 0.0348368
-0.852173 0.38685 -4.33665 0.0110449 -1.08042 0.605806 -4.8038 0.0464493
-1.09056 0.388082 -4.43185 0.0202933 -1.32061 0.608459 -4.80472 0.0597206
-1.30548 0.39088 -4.39416 0.0380959 -1.56084 0.611818 -4.8057 0.0746505
-1.51428 0.397237 -4.35497 0.0738137 -1.80112 0.615965 -4.80673 0.0912385
-1.74766 0.40568 -4.46579 0.114058 -2.04145 0.620982 -4.80778 0.109484
-2.03269 0.431729 -4.65428 0.24307 -2.28182 0.626953 -4.80884 0.129387
-2.29498 0.445635 -4.74519 0.282048 -2.52225 0.63396 -4.80989 0.150946
-2.57512 0.507887 -4.85515 0.537769 -2.76273 0.642086 -4.81089 0.174159
-2.90521 0.553575 -4.96427 0.672573 -3.00325 0.651414 -4.81184 0.199026
-3.18307 0.650758 -5.01428 0.992466 -3.24381 0.662026 -4.8127 0.225545
-3.41877 0.696171 -4.85206 1.03549 -3.48441 0.674004 -4.81344 0.253712
-3.68938 0.64352 -4.93274 0.761443 -3.72504 0.687432 -4.81403 0.283526
-3.91735 0.685659 -4.86858 0.821865 -3.9657 0.702391 -4.81445 0.314984
-4.22631 0.620831 -5.03912 0.544652 -4.20636 0.718963 -4.81465 0.348081
-4.45581 0.644684 -4.93736 0.557659 -4.44703 0.73723 -4.81461 0.382812
-4.70183 0.750467 -4.93078 0.803882 -4.68769 0.757274 -4.81428 0.419174
-4.89002 0.788604 -4.81751 0.841303 -4.92832 0.779176 -4.81363 0.45716
-5.16781 0.782743 -4.91318 0.754132 -5.1689 0.803017 -4.81263 0.496763
-5.42756 0.815367 -5.00679 0.779937 -5.40943 0.828877 -4.81122 0.537976
-5.6469 0.934176 -4.9139 1.0241 -5.64986 0.856837 -4.80937 0.580791
-5.92315 0.999706 -4.83236 1.08206 -5.8902 0.886977 -4.80703 0.625197
-6.10693 0.997104 -4.67286 0.971286 -6.1304 0.919375 -4.80415 0.671184
-6.31781 1.04137 -4.78777 1.02893 -6.37044 0.954111 -4.8007 0.718741
-6.60554 1.00656 -4.91097 0.8304 -6.61028 0.991262 -4.79662 0.767854
-6.82576 1.04397 -4.87981 0.845714 -6.84991 1.03091 -4.79187 0.818509
-7.07341 1.14376 -4.88618 1.0253 -7.08928 1.07312 -4.78638 0.87069
-7.33263 1.19018 -4.88369 1.03449 -7.32835 1.11798 -4.78012 0.92438
-7.57592 1.2057 -4.87897 0.960068 -7.56709 1.16556 -4.77304 0.979561
-7.74698 1.24181 -4.69538 0.950127 -7.80545 1.21593 -4.76506 1.03621
-7.989 1.24406 -4.71228 0.845941 -8.04339 1.26918 -4.75615 1.09431
-8.22534 1.2957 -4.78328 0.896607 -8.28085 1.32536 -4.74625 1.15383
-8.46669 1.32479 -4.78886 0.866015 -8.51779 1.38455 -4.7353 1.21475
-8.70529 1.36666 -4.58966 0.838198 -8.75416 1.44681 -4.72324 1.27704
-8.93699 1.47909 -4.59211 1.04172 -8.98989 1.51223 -4.71002 1.34067
-9.12667 1.52043 -4.62922 1.06096 -9.22493 1.58085 -4.69558 1.40561
-9.40512 1.51718 -4.75467 0.924896 -9.45921 1.65276 -4.67987 1.47183
-9.63676 1.55725 -4.81784 0.932046 -9.69268 1.728 -4.66282 1.53929
-9.93773 1.70276 -4.97023 1.23285 -9.92526 1.80665 -4.64437 1.60795
-10.1721 1.77237 -4.84991 1.26489 -10.1569 1.88875 -4.62448 1.67776
-10.3642 1.8804 -4.70179 1.41467 -10.3875 1.97438 -4.60307 1.7487
-10.6359 1.96008 -4.87871 1.50481 -10.6169 2.06357 -4.58009 1.82071
-10.8733 2.01237 -4.8558 1.47419 -10.8452 2.15639 -4.55549 1.89375
-11.0846 2.08398 -4.76615 1.49917 -11.0722 2.25288 -4.52921 1.96776
-11.2561 2.27064 -4.55549 1.83573 -11.2979 2.35309 -4.50118 2.04269
-11.507 2.36787 -4.62888 1.92075 -11.5221 2.45707 -4.47136 2.11849
-11.7469 2.52701 -4.61376 2.15813 -11.7448 2.56486 -4.43968 2.1951
-12.0192 2.64726 -4.76372 2.29133 -11.9658 2.6765 -4.4061 2.27246
-12.2644 2.78847 -4.74652 2.43564 -12.1851 2.79202 -4.37055 2.35051
-12.5032 2.91022 -4.65682 2.47892 -12.4026 2.91145 -4.333 2.42918
-12.7088 3.07729 -4.53806 2.6657 -12.6182 3.03483 -4.29338 2.5084
-12.9258 3.21139 -4.46346 2.73481 -12.8317 3.16218 -4.25165 2.5881
-13.1123 3.38954 -4.31076 2.91702 -13.0431 3.29353 -4.20776 2.66821
-13.2461 3.51275 -4.05767 2.90737 -13.2522 3.42888 -4.16167 2.74865
-13.427 3.62837 -3.95548 2.89167 -13.459 3.56827 -4.11333 2.82935
-13.6965 3.79938 -4.14507 3.0861 -13.6633 3.71169 -4.0627 2.91022
-13.9014 3.88315 -4.10288 2.9518 -13.865 3.85915 -4.00974 2.99118
-14.1 4.0342 -4.01419 3.00526 -14.064 4.01066 -3.95441 3.07214
-14.2867 4.19341 -3.9328 3.08827 -14.2602 4.16622 -3.89669 3.15303
-14.5629 4.37631 -4.06344 3.22651 -14.4535 4.32581 -3.83653 3.23373
-14.7373 4.58541 -3.92705 3.42154 -14.6436 4.48943 -3.77392 3.31417
-14.9322 4.75874 -3.8364 3.47502 -14.8306 4.65706 -3.70883 3.39425
-15.0601 4.92002 -3.61395 3.48872 -15.0143 4.82869 -3.64123 3.47388
-15.2127 5.08513 -3.48324 3.52018 -15.1945 5.00428 -3.5711 3.55294
-15.3972 5.28815 -3.44095 3.66404 -15.3712 5.1838 -3.49844 3.63135
-15.5625 5.4748 -3.29781 3.69383 -15.5441 5.36723 -3.42323 3.70901
-15.7712 5.56935 -3.36184 3.50848 -15.7133 5.55452 -3.34546 3.78581
-15.9045 5.7314 -3.25489 3.5421 -15.8785 5.74562 -3.26513 3.86164
-16.0251 5.92292 -3.08937 3.6236 -16.0396 5.94048 -3.18223 3.9364
-16.1953 6.11115 -3.0559 3.68977 -16.1965 6.13906 -3.09679 4.00999
-16.3259 6.36842 -2.91619 3.94312 -16.3491 6.34128 -3.00879 4.08229
-16.4224 6.5418 -2.70744 3.9037 -16.4972 6.54708 -2.91826 4.1532
-16.596 6.72049 -2.73554 3.92221 -16.6407 6.75639 -2.82522 4.22261
-16.7688 6.93594 -2.79847 4.07613 -16.7795 6.96912 -2.72968 4.29042
-16.9914 7.18264 -2.94185 4.26243 -16.9135 7.18521 -2.63167 4.3565
-17.1158 7.39018 -2.7246 4.20782 -17.0425 7.40456 -2.53122 4.42077
-17.204 7.67274 -2.49845 4.45521 -17.1665 7.62707 -2.42838 4.4831
-17.3105 7.88523 -2.39836 4.50505 -17.2852 7.85264 -2.32317 4.54339
-17.4357 7.99888 -2.35953 4.22951 -17.3986 8.08118 -2.21565 4.60153
-17.5551 8.21635 -2.28098 4.27859 -17.5066 8.31257 -2.10586 4.65742
-17.7036 8.45102 -2.29354 4.38535 -17.6091 8.54669 -1.99386 4.71095
-17.7474 8.63374 -1.99576 4.24242 -17.7059 8.78343 -1.87971 4.76202
-17.8068 8.94401 -1.77863 4.54816 -17.797 9.02267 -1.76348 4.81052
-17.9089 9.18585 -1.65102 4.56153 -17.8822 9.26426 -1.64522 4.85637
-17.8937 9.52956 -1.22952 4.89351 -17.9614 9.50807 -1.52502 4.89946
-17.9656 9.78519 -1.11742 4.96419 -18.0346 9.75398 -1.40296 4.9397
-18.0559 9.99708 -1.09672 4.89988 -18.1016 10.0018 -1.27911 4.97699
-18.1332 10.2521 -1.03134 4.96609 -18.1624 10.2515 -1.15357 5.01125
-18.1208 10.5147 -0.734032 5.01586 -18.2169 10.5027 -1.02642 5.04239
-18.191 10.7824 -0.765278 5.21366 -18.265 10.7555 -0.897764 5.07032
-18.2621 10.9191 -0.779195 4.87226 -18.3066 11.0095 -0.767697 5.09498
-18.3135 11.1715 -0.694056 4.89673 -18.3417 11.2647 -0.636323 5.11627
-18.279 11.5764 -0.331505 5.36306 -18.3702 11.5209 -0.503751 5.13414
-18.3138 11.8581 -0.250911 5.42726 -18.392 11.778 -0.370091 5.14852
-18.3594 12.0651 -0.24338 5.25176 -18.4072 12.0356 -0.235457 5.15934
-18.3593 12.3197 -0.144854 5.31942 -18.4156 12.2937 -0.099968 5.16654
-18.4132 12.5626 -0.168517 5.26034 -18.4171 12.552 0.0362564 5.17007
-18.4311 12.8362 -0.0795544 5.27846 -18.4119 12.8105 0.173093 5.16989
-18.4436 13.1114 0.00237567 5.31437 -18.3998 13.0688 0.310414 5.16594
-18.4133 13.3523 0.222465 5.1364 -18.3809 13.3269 0.448093 5.1582
-18.3497 13.6523 0.491571 5.24719 -18.355 13.5845 0.585998 5.14663
-18.3562 13.944 0.545838 5.32025 -18.3223 13.8414 0.723997 5.1312
-18.3178 14.186 0.680709 5.23792 -18.2826 14.0974 0.861956 5.11189
-18.2972 14.463 0.799581 5.199 -18.2361 14.3524 0.999739 5.08868
-18.2555 14.6493 0.885491 4.96885 -18.1827 14.6061 1.13721 5.06157
-18.2163 14.9057 1.02753 4.87113 -18.1224 14.8584 1.27423 5.03055
-18.1088 15.1828 1.31093 4.9327 -18.0553 15.1091 1.41067 4.99562
-18.0422 15.4301 1.42013 4.95596 -17.9814 15.3578 1.54638 4.95679
-17.9571 15.6554 1.56759 4.85453 -17.9007 15.6046 1.68122 4.91408
-17.8446 15.8634 1.7368 4.77743 -17.8133 15.8491 1.81507 4.8675
-17.7485 16.0829 1.86994 4.67769 -17.7192 16.0912 1.94777 4.81708
-17.7087 16.3602 1.81444 4.88512 -17.6185 16.3307 2.0792 4.76286
-17.5226 16.6195 2.18813 4.87739 -17.5113 16.5674 2.20923 4.70486
-17.3569 16.8094 2.44961 4.59862 -17.3977 16.8011 2.33771 4.64314
-17.2616 17.0391 2.49907 4.53788 -17.2776 17.0316 2.46452 4.57774
-17.1281 17.2628 2.66846 4.38608 -17.1512 17.2588 2.58952 4.50871
-16.9832 17.5454 2.86228 4.48678 -17.0187 17.4824 2.71259 4.43613
-16.8052 17.7333 3.06614 4.2881 -16.88 17.7023 2.83361 4.36005
-16.7015 17.9304 3.04226 4.15853 -16.7354 17.9184 2.95245 4.28054
-16.5361 18.1233 3.17604 4.05421 -16.5848 18.1303 3.069 4.19769
-16.3874 18.2412 3.2062 3.73392 -16.4285 18.3381 3.18313 4.11157
-16.2483 18.4459 3.24039 3.74507 -16.2665 18.5415 3.29475 4.02228
-16.0687 18.661 3.40287 3.73731 -16.0991 18.7403 3.40374 3.9299
-15.897 18.8479 3.50451 3.64924 -15.9262 18.9344 3.50999 3.83452
-15.687 19.1073 3.73663 3.77172 -15.7481 19.1237 3.61342 3.73626
-15.5008 19.2966 3.84257 3.65602 -15.5649 19.308 3.71392 3.63521
-15.3298 19.5062 3.88777 3.635 -15.3767 19.4872 3.8114 3.53148
-15.1227 19.672 4.0289 3.4496 -15.1838 19.6612 3.90579 3.42518
-14.8988 19.8914 4.20693 3.47119 -14.9862 19.8297 3.99699 3.31643
-14.7057 20.0832 4.2696 3.39005 -14.7841 19.9928 4.08495 3.20535
-14.6137 20.1733 3.97101 3.06819 -14.5777 20.1503 4.16958 3.09206
-14.3957 20.2955 4.07628 2.90234 -14.3671 20.302 4.25082 2.97668
-14.1362 20.4708 4.32473 2.87724 -14.1526 20.448 4.32862 2.85933
-13.9013 20.5873 4.44719 2.6775 -13.9342 20.588 4.40292 2.74015
-13.733 20.7167 4.36144 2.55027 -13.7123 20.722 4.47367 2.61927
-13.5071 20.8325 4.45689 2.38958 -13.4868 20.8499 4.54085 2.49681
-13.2535 20.9632 4.61649 2.296 -13.2582 20.9717 4.6044 2.37291
-13.0076 21.0554 4.70123 2.11953 -13.0264 21.0872 4.6643 2.2477
-12.7281 21.2151 4.91551 2.12967 -12.7917 21.1965 4.72053 2.12131
-12.4932 21.334 4.91466 2.06941 -12.5543 21.2994 4.77306 1.99388
-12.2048 21.4698 5.10373 2.03459 -12.3143 21.3959 4.8219 1.86555
-11.928 21.5339 5.2082 1.79566 -12.072 21.486 4.86702 1.73644
-11.7783 21.6252 4.92928 1.67681 -11.8276 21.5696 4.90844 1.60668
-11.5293 21.7034 4.97331 1.54475 -11.5811 21.6467 4.94615 1.47643
-11.2504 21.7353 5.07947 1.30279 -11.3329 21.7173 4.98017 1.34579
-11.0113 21.8204 5.05714 1.24426 -11.083 21.7813 5.01051 1.21491
-10.8073 21.813 4.91228 0.948938 -10.8317 21.8388 5.03719 1.08391
-10.5618 21.8649 4.9618 0.814926 -10.5792 21.8898 5.06025 0.952912
-10.2682 21.9105 5.11984 0.689377 -10.3256 21.9341 5.07971 0.822051
-9.99104 21.8964 5.17364 0.427556 -10.0711 21.972 5.09561 0.691445
-9.74318 21.9253 5.15713 0.305015 -9.81592 22.0033 5.10799 0.561215
-9.48242 21.9309 5.17494 0.133828 -9.56019 22.0282 5.11691 0.431476
-9.28275 21.9752 5.01813 0.096011 -9.3041 22.0465 5.1224 0.302344
-9.02451 21.961 5.05218 -0.099048 -9.04782 22.0584 5.12453 0.17393
-8.7113 21.9996 5.2439 -0.131495 -8.79151 22.0639 5.12336 0.046341
-8.46134 22.0222 5.28535 -0.24981 -8.53534 22.0631 5.11895 -0.0803171
-8.15009 22.0432 5.42852 -0.301993 -8.27947 22.0559 5.11137 -0.205944
-7.88778 22.0545 5.41833 -0.380005 -8.02405 22.0425 5.10068 -0.330441
-7.67143 22.0451 5.24949 -0.482815 -7.76924 22.0229 5.08697 -0.453715
-7.40674 22.0104 5.31777 -0.710103 -7.51519 21.9971 5.07031 -0.575677
-7.19633 21.9687 5.13215 -0.856619 -7.26204 21.9653 5.05078 -0.696241
-6.93461 21.9108 5.13482 -1.04626 -7.00994 21.9275 5.02847 -0.815324
-6.80283 21.8301 4.7277 -1.22477 -6.75902 21.8838 5.00346 -0.932849
-6.58518 21.7926 4.58538 -1.25213 -6.50942 21.8342 4.97584 -1.04874
-6.4321 21.7276 4.32846 -1.36185 -6.26126 21.7789 4.94569 -1.16294
-6.20447 21.6052 4.23364 -1.55087 -6.01466 21.7179 4.91312 -1.27537
-5.9289 21.57 4.38191 -1.58774 -5.76976 21.6513 4.87822 -1.38597
-5.72018 21.5225 4.36844 -1.66981 -5.52665 21.5793 4.84107 -1.49469
-5.3841 21.4829 4.67566 -1.68163 -5.28546 21.5018 4.80178 -1.60148
-5.14483 21.3913 4.64521 -1.79731 -5.04628 21.4191 4.76045 -1.70628
-4.89067 21.3497 4.67663 -1.77441 -4.80922 21.3312 4.71717 -1.80906
-4.65337 21.2363 4.5851 -1.8621 -4.57436 21.2382 4.67204 -1.90978
-4.30669 21.2696 4.90394 -1.6075 -4.34181 21.1401 4.62517 -2.0084
-4.06248 21.198 4.88724 -1.661 -4.11165 21.0373 4.57664 -2.10489
-3.96363 21.0563 4.42347 -1.87383 -3.88395 20.9296 4.52656 -2.19922
-3.73094 20.9165 4.51488 -2.18325 -3.65879 20.8173 4.47504 -2.29137
-3.4513 20.7515 4.6193 -2.43793 -3.43624 20.7004 4.42216 -2.38133
-3.2276 20.6419 4.52516 -2.47006 -3.21637 20.5791 4.36803 -2.46907
-2.93663 20.5225 4.66809 -2.56358 -2.99923 20.4534 4.31275 -2.5546
-2.69889 20.3851 4.58026 -2.60447 -2.78489 20.3235 4.2564 -2.63789
-2.54204 20.2328 4.31612 -2.73176 -2.57339 20.1895 4.1991 -2.71895
-2.32688 20.1024 4.28291 -2.83306 -2.36478 20.0515 4.14093 -2.79777
-2.13145 19.896 4.15784 -3.08464 -2.1591 19.9097 4.082 -2.87437
-1.92176 19.7026 4.081 -3.2758 -1.95638 19.764 4.02238 -2.94874
-1.68975 19.5389 4.08763 -3.37944 -1.75666 19.6147 3.96217 -3.02089
-1.48267 19.3469 4.01955 -3.54227 -1.55997 19.4618 3.90147 -3.09085
-1.31474 19.2056 3.84895 -3.53247 -1.36632 19.3055 3.84036 -3.15861
-1.12343 19.0098 3.74727 -3.64449 -1.17574 19.1458 3.77892 -3.22421
-1.00289 18.8401 3.47244 -3.67819 -0.988236 18.9829 3.71725 -3.28766
-0.835621 18.6776 3.30875 -3.59574 -0.803824 18.8169 3.65542 -3.34899
-0.664304 18.562 3.24582 -3.50984 -0.622508 18.6479 3.59351 -3.40821
-0.502811 18.3684 3.17241 -3.6317 -0.444288 18.476 3.53161 -3.46536
-0.401253 18.198 2.93489 -3.65503 -0.269164 18.3013 3.46979 -3.52047
-0.256204 18.0276 2.87418 -3.74512 -0.0971295 18.1238 3.40813 -3.57357
-0.0269846 17.8622 3.03009 -3.77334 0.0718255 17.9438 3.34669 -3.6247
0.124884 17.6701 2.90808 -3.73069 0.237714 17.7612 3.28556 -3.67388
0.361103 17.502 3.0972 -3.74795 0.400552 17.5762 3.22479 -3.72115
0.520862 17.4007 3.01945 -3.51907 0.560361 17.389 3.16445 -3.76656
0.623511 17.2013 2.84006 -3.61446 0.717162 17.1994 3.10461 -3.81013
0.764264 17.0137 2.80243 -3.72095 0.870984 17.0078 3.04533 -3.85192
0.875753 16.8372 2.66361 -3.73444 1.02185 16.8141 2.98666 -3.89195
1.01083 16.6556 2.65573 -3.88517 1.16981 16.6185 2.92867 -3.93028
1.12909 16.4253 2.54719 -4.02423 1.31487 16.4209 2.87142 -3.96695
1.25536 16.2241 2.47672 -4.08329 1.4571 16.2216 2.81494 -4.00199
1.56398 15.9888 2.94688 -4.22702 1.59651 16.0206 2.7593 -4.03546
1.70709 15.7794 2.87181 -4.22109 1.73317 15.8179 2.70454 -4.06739
1.66702 15.5817 2.28513 -4.17943 1.86711 15.6137 2.65071 -4.09783
1.78786 15.436 2.2272 -4.03797 1.99838 15.408 2.59786 -4.12682
1.95028 15.2114 2.3038 -4.14863 2.12703 15.2009 2.54602 -4.15442
2.06626 15.0065 2.26983 -4.2698 2.25311 14.9924 2.49524 -4.18065
2.27776 14.7454 2.48993 -4.44663 2.37668 14.7827 2.44555 -4.20557
2.39417 14.4859 2.40621 -4.56429 2.49779 14.5718 2.397 -4.22922
2.59596 14.2965 2.58701 -4.49927 2.6165 14.3597 2.34961 -4.25165
2.72554 14.078 2.55486 -4.57425 2.73287 14.1465 2.30343 -4.27288
2.83527 13.8466 2.45297 -4.60848 2.84695 13.9322 2.25847 -4.29298
2.9467 13.5721 2.36469 -4.72847 2.95882 13.717 2.21478 -4.31197
2.94682 13.3704 1.96657 -4.62964 3.06854 13.5009 2.17238 -4.32991
3.0471 13.1861 1.8832 -4.42513 3.17617 13.2839 2.13129 -4.34682
3.20537 12.9885 1.99625 -4.40599 3.28177 13.0661 2.09154 -4.36275
3.29879 12.7303 1.91475 -4.41714 3.38542 12.8475 2.05316 -4.37774
3.3244 12.6207 1.66656 -4.12305 3.48718 12.6282 2.01617 -4.39182
3.41461 12.4336 1.63774 -4.12419 3.58713 12.4083 1.98058 -4.40503
3.57828 12.2031 1.81064 -4.22628 3.68533 12.1876 1.94641 -4.41741
3.66324 11.9813 1.75677 -4.25465 3.78186 11.9664 1.9137 -4.42898
3.8323 11.7516 1.94723 -4.32773 3.87678 11.7446 1.88244 -4.43979
3.93185 11.5615 1.92843 -4.35427 3.97018 11.5223 1.85266 -4.44986
4.05592 11.2764 1.98992 -4.5567 4.06213 11.2996 1.82437 -4.45922
4.1801 11.1103 2.01964 -4.38235 4.1527 11.0763 1.79758 -4.4679
4.21119 10.9523 1.78949 -4.21539 4.24196 10.8527 1.77231 -4.47593
4.29508 10.7361 1.75308 -4.30302 4.33 10.6287 1.74858 -4.48333
4.40018 10.5112 1.77121 -4.3483 4.41689 10.4043 1.72638 -4.49013
4.48999 10.2922 1.7467 -4.38659 4.50271 10.1796 1.70573 -4.49636
4.54708 10.0609 1.63251 -4.42596 4.58753 9.95461 1.68663 -4.50203
4.64477 9.87788 1.63971 -4.40385 4.67143 9.72935 1.66911 -4.50715
4.69393 9.68133 1.51227 -4.34476 4.7545 9.50385 1.65315 -4.51176
4.79873 9.54842 1.53955 -4.13236 4.83681 9.27814 1.63878 -4.51587
4.81699 9.26964 1.36419 -4.32477 4.91844 9.05223 1.62599 -4.51949
4.86831 9.00808 1.27875 -4.46299 4.99946 8.82616 1.61479 -4.52264
5.00101 8.71335 1.42825 -4.69515 5.07997 8.59994 1.60519 -4.52532
5.09129 8.49184 1.45132 -4.54407 5.16003 8.37361 1.59718 -4.52755
5.19681 8.19648 1.52621 -4.75107 5.23973 8.14717 1.59078 -4.52933
5.28511 7.9559 1.54805 -4.66871 5.31916 7.92067 1.58598 -4.53068
5.35544 7.709 1.5108 -4.71312 5.39838 7.6941 1.58279 -4.5316
5.4537 7.48739 1.56339 -4.6074 5.47748 7.46751 1.5812 -4.53209
5.47299 7.25425 1.38916 -4.60525 5.55654 7.24091 1.58122 -4.53215
5.56533 7.03896 1.45211 -4.40714 5.63564 7.01431 1.58285 -4.53178
5.716 6.784 1.66716 -4.523 5.71486 6.78775 1.58608 -4.53098
5.78264 6.55425 1.61577 -4.57034 5.79428 6.56124 1.59093 -4.52975
5.81001 6.34805 1.46446 -4.49473 5.87398 6.33481 1.59737 -4.52808
5.84207 6.07045 1.35749 -4.62273 5.95405 6.10848 1.60542 -4.52597
5.91183 5.86748 1.34262 -4.54772 6.03455 5.88226 1.61507 -4.52341
5.96622 5.63348 1.27898 -4.61609 6.11558 5.65619 1.62631 -4.52038
6.02043 5.44206 1.22764 -4.50526 6.19721 5.43028 1.63914 -4.51687
6.09395 5.22343 1.24564 -4.47711 6.27951 5.20457 1.65356 -4.51288
6.20993 4.95791 1.37964 -4.6183 6.36258 4.97906 1.66956 -4.50838
6.32149 4.77479 1.46187 -4.51189 6.44648 4.7538 1.68714 -4.50337
6.49589 4.42507 1.77335 -4.89089 6.53131 4.52881 1.70628 -4.49781
6.57776 4.16894 1.78686 -4.90218 6.61712 4.30411 1.72698 -4.4917
6.70663 3.8852 1.91722 -5.01912 6.70401 4.07974 1.74923 -4.485
6.82583 3.6404 2.01841 -4.98384 6.79205 3.85571 1.77302 -4.4777
6.81895 3.52658 1.72285 -4.55121 6.88132 3.63207 1.79834 -4.46978
6.89118 3.29403 1.70755 -4.55495 6.97188 3.40885 1.82518 -4.4612
6.99625 3.19778 1.73589 -4.16509 7.06383 3.18607 1.85352 -4.45194
7.12144 3.00622 1.87925 -4.10565 7.15723 2.96378 1.88336 -4.44197
7.22102 2.79801 1.92531 -4.10223 7.25216 2.742 1.91468 -4.43125
7.35559 2.61987 1.99131 -4.01566 7.34868 2.52078 1.94746 -4.41977
7.43117 2.40369 1.96656 -4.04114 7.44688 2.30016 1.98168 -4.40749
7.47095 2.191 1.79576 -4.0352 7.54683 2.08018 2.01733 -4.39436
7.57985 1.89426 1.86184 -4.31859 7.64859 1.86087 2.0544 -4.38037
7.72696 1.68121 2.05459 -4.32508 7.75224 1.6423 2.09284 -4.36546
7.88303 1.26687 2.2155 -4.92587 7.85785 1.42449 2.13266 -4.34961
8.01669 1.03288 2.28575 -4.88091 7.96547 1.2075 2.17382 -4.33277
8.04524 0.828678 2.07312 -4.74257 8.07519 0.991377 2.21629 -4.31491
8.14312 0.588867 2.10647 -4.76742 8.18706 0.776179 2.26005 -4.29598
8.26628 0.442563 2.16782 -4.48932 8.30115 0.561955 2.30508 -4.27595
8.44325 0.22668 2.34974 -4.4504 8.41752 0.348763 2.35134 -4.25478
8.543 0.130101 2.3139 -4.06477 8.53623 0.136661 2.39881 -4.23241
8.73888 -0.0958517 2.6865 -4.20514 8.65734 -0.0742907 2.44744 -4.20881
8.89431 -0.23381 2.77517 -3.96405 8.78091 -0.28403 2.4972 -4.18394
9.02296 -0.425583 2.84435 -3.93523 8.90699 -0.492491 2.54807 -4.15775
9.16677 -0.613363 2.90521 -3.86875 9.03564 -0.699608 2.59998 -4.1302
9.3144 -0.809109 2.96046 -3.8267 9.16691 -0.905311 2.65292 -4.10124
9.38868 -1.13158 2.8219 -4.15291 9.30084 -1.10953 2.70683 -4.07084
9.52897 -1.34952 2.95112 -4.22658 9.4375 -1.31219 2.76168 -4.03893
9.71368 -1.56216 3.09455 -4.20316 9.57692 -1.51322 2.8174 -4.00549
9.83469 -1.75231 2.95925 -4.04041 9.71914 -1.71253 2.87396 -3.97047
9.93034 -1.91013 2.86625 -3.87996 9.86421 -1.91005 2.93131 -3.93381
10.0806 -2.11458 3.04286 -3.98324 10.0122 -2.1057 2.98938 -3.89549
10.2271 -2.31331 3.07052 -3.9512 10.163 -2.29939 3.04813 -3.85546
10.3016 -2.47993 2.83678 -3.7663 10.3169 -2.49103 3.1075 -3.81368
10.4617 -2.74181 2.9091 -3.95653 10.4737 -2.68054 3.16742 -3.7701
10.5991 -2.93206 2.86673 -3.87388 10.6335 -2.86783 3.22785 -3.72468
10.7214 -3.09179 2.84042 -3.75728 10.7963 -3.05279 3.2887 -3.67739
10.9047 -3.30051 3.14471 -3.94607 10.9622 -3.23535 3.34992 -3.62819
11.0853 -3.45627 3.24418 -3.79977 11.1311 -3.4154 3.41144 -3.57705
11.2443 -3.64547 3.34573 -3.82176 11.3032 -3.59284 3.47319 -3.52392
11.4505 -3.84678 3.49291 -3.81362 11.4783 -3.76758 3.53509 -3.46877
11.6509 -4.04514 3.58648 -3.77896 11.6565 -3.9395 3.59707 -3.41158
11.8455 -4.23035 3.67314 -3.72579 11.8378 -4.10852 3.65905 -3.35231
12.0773 -4.43172 3.83333 -3.70636 12.0223 -4.27453 3.72095 -3.29094
12.2882 -4.54662 3.93056 -3.4507 12.2098 -4.43741 3.7827 -3.22744
12.4683 -4.71202 3.99999 -3.41907 12.4003 -4.59707 3.84421 -3.16178
12.6827 -4.78096 4.07758 -3.0667 12.594 -4.75339 3.90539 -3.09395
12.8964 -4.93084 4.09872 -2.94217 12.7907 -4.90626 3.96616 -3.02393
13.1003 -5.10456 4.15532 -2.94259 12.9904 -5.05558 4.02643 -2.95171
13.2265 -5.21791 3.97875 -2.78505 13.1931 -5.20124 4.0861 -2.87726
13.3789 -5.42569 3.9059 -2.90853 13.3988 -5.34312 4.1451 -2.80059
13.6132 -5.58596 4.24796 -3.0185 13.6074 -5.48111 4.20332 -2.72168
13.7989 -5.72221 4.22022 -2.92014 13.8189 -5.6151 4.26067 -2.64053
14.0559 -5.8855 4.45053 -2.94163 14.0332 -5.74499 4.31706 -2.55715
14.312 -5.99524 4.58682 -2.7606 14.2504 -5.87065 4.37238 -2.47154
14.5422 -6.13102 4.61846 -2.67105 14.4703 -5.99197 4.42655 -2.38369
14.7896 -6.1844 4.70041 -2.35988 14.6928 -6.10885 4.47946 -2.29364
14.9869 -6.28555 4.6836 -2.25533 14.918 -6.22118 4.53101 -2.20138
15.1436 -6.35239 4.5107 -2.05939 15.1457 -6.32884 4.58111 -2.10694
15.4117 -6.47002 4.68242 -2.0107 15.3758 -6.43173 4.62966 -2.01035
15.6439 -6.57167 4.71719 -1.92558 15.6084 -6.52973 4.67655 -1.91162
15.8799 -6.66861 4.88335 -1.89362 15.8432 -6.62276 4.72169 -1.81079
16.1325 -6.83938 4.94514 -2.02117 16.0803 -6.71069 4.76497 -1.7079
16.2946 -6.90126 4.63474 -1.79934 16.3195 -6.79342 4.8063 -1.60298
16.5401 -7.02253 4.70441 -1.80956 16.5607 -6.87087 4.84558 -1.49608
16.7519 -7.10277 4.69611 -1.72431 16.8038 -6.94292 4.88271 -1.38725
17.0032 -7.15782 4.76642 -1.564 17.0487 -7.00949 4.9176 -1.27653
17.2049 -7.21704 4.67337 -1.4348 17.2953 -7.07048 4.95015 -1.16398
17.5005 -7.16089 4.8379 -0.987694 17.5434 -7.1258 4.98026 -1.04968
17.7786 -7.22287 5.12233 -0.950346 17.793 -7.17537 5.00785 -0.933668
18.0528 -7.21183 5.17932 -0.664743 18.044 -7.21909 5.03282 -0.816029
18.2591 -7.21591 4.9879 -0.471744 18.2961 -7.2569 5.05509 -0.696834
18.5125 -7.24738 5.01367 -0.372224 18.5492 -7.28872 5.07456 -0.57616
18.8509 -7.29443 5.31241 -0.307846 18.8033 -7.31446 5.09116 -0.454089
19.0714 -7.31499 5.19818 -0.219882 19.0581 -7.33408 5.10481 -0.330708
19.3109 -7.31839 5.11619 -0.0845438 19.3135 -7.3475 5.11543 -0.206107
19.6759 -7.24786 5.40023 0.296179 19.5694 -7.35466 5.12294 -0.0803797
19.9654 -7.23711 5.47928 0.426645 19.8255 -7.35551 5.12728 0.0463764
20.2545 -7.2237 5.5128 0.546724 20.0818 -7.35 5.12836 0.17406
20.519 -7.19495 5.57706 0.6703 20.3381 -7.33809 5.12615 0.302565
20.6902 -7.26912 5.27703 0.450967 20.5942 -7.31974 5.12056 0.431784
20.9374 -7.2376 5.14355 0.582893 20.8499 -7.29491 5.11155 0.561605
21.199 -7.15154 5.13777 0.849422 21.1051 -7.26358 5.09906 0.691914
21.4757 -7.11263 5.2333 0.960951 21.3596 -7.22573 5.08306 0.822593
21.6657 -7.25988 5.01877 0.510741 21.6132 -7.18134 5.06349 0.953522
21.918 -7.23614 4.81997 0.587719 21.8657 -7.1304 5.04032 1.08458
22.2591 -7.03256 5.0614 1.17438 22.117 -7.07291 5.01352 1.21564
22.4587 -6.95358 4.71025 1.31262 22.3669 -7.00887 4.98307 1.34657
22.6283 -6.86365 4.49874 1.45472 22.6151 -6.93829 4.94893 1.47726
22.8917 -6.80363 4.73719 1.56266 22.8616 -6.86119 4.9111 1.60756
23.0919 -6.85102 4.61476 1.30772 23.106 -6.77759 4.86956 1.73734
23.2633 -6.77052 4.41256 1.41183 23.3483 -6.68751 4.82431 1.86648
23.5018 -6.68042 4.43331 1.55626 23.5883 -6.59099 4.77535 1.99484
23.7888 -6.61709 4.69082 1.63587 23.8257 -6.48809 4.72269 2.12228
23.996 -6.49696 4.58375 1.81974 24.0604 -6.37883 4.66633 2.24867
24.2198 -6.40126 4.46917 1.91211 24.2922 -6.26328 4.6063 2.37389
24.4914 -6.21847 4.5409 2.27453 24.5209 -6.14151 4.54262 2.49779
24.7415 -6.11116 4.67101 2.38273 24.7463 -6.01357 4.47532 2.62023
24.9699 -5.9831 4.60671 2.50463 24.9683 -5.87956 4.40444 2.7411
25.1792 -5.84879 4.42617 2.60817 25.1866 -5.73954 4.33001 2.86026
25.4269 -5.68489 4.43189 2.81715 25.4011 -5.5936 4.25209 2.97757
25.5845 -5.52831 4.12852 2.91927 25.6117 -5.44185 4.17073 3.09291
25.7435 -5.23959 3.8798 3.40584 25.8181 -5.28439 4.08598 3.20616
25.9394 -5.0707 3.82678 3.53083 26.0202 -5.12131 3.99791 3.31719
26.1247 -5.00577 3.73886 3.31366 26.2178 -4.95274 3.90659 3.42588
26.3323 -4.83795 3.70432 3.42618 26.4107 -4.7788 3.81209 3.53212
26.5497 -4.55305 3.67152 3.87116 26.5989 -4.5996 3.7145 3.63578
26.7676 -4.36705 3.76049 3.99295 26.7821 -4.41529 3.6139 3.73676
26.9016 -4.26641 3.53659 3.77062 26.9602 -4.226 3.51038 3.83494
27.0927 -4.07787 3.62303 3.90695 27.1331 -4.03186 3.40403 3.93023
27.3367 -3.85463 3.70586 4.0875 27.3006 -3.83304 3.29495 4.02252
27.5339 -3.64845 3.50035 4.12158 27.4625 -3.62967 3.18325 4.11172
27.7246 -3.46274 3.45382 4.14462 27.6188 -3.42193 3.06903 4.19774
27.8939 -3.25141 3.25629 4.1921 27.7694 -3.20995 2.95242 4.28049
28.0113 -2.98971 3.02892 4.40244 27.914 -2.99393 2.83351 4.35989
28.1379 -2.76492 2.83934 4.47704 28.0527 -2.77401 2.71243 4.43586
28.2256 -2.5134 2.57434 4.60613 28.1853 -2.55039 2.5893 4.50833
28.3356 -2.27779 2.34524 4.66391 28.3116 -2.32322 2.46425 4.57724
28.4776 -2.10537 2.28975 4.56475 28.4317 -2.0927 2.3374 4.64252
28.6182 -1.87946 2.28729 4.65576 28.5453 -1.859 2.20888 4.70412
28.7487 -1.66336 2.21509 4.67045 28.6526 -1.62231 2.07883 4.76199
28.8056 -1.42844 2.01829 4.73391 28.7532 -1.38282 1.94737 4.8161
28.92 -1.12097 1.91626 5.00168 28.8473 -1.14071 1.81465 4.86639
28.9545 -0.870438 1.67157 5.04472 28.9347 -0.896184 1.6808 4.91284
29.0303 -0.625251 1.52246 5.06439 29.0154 -0.649428 1.54595 4.95543
29.0737 -0.368506 1.27059 5.08816 29.0893 -0.400636 1.41024 4.99413
29.1229 -0.22712 1.13017 4.77847 29.1564 -0.150004 1.27382 5.02893
29.2414 0.0155862 1.12445 4.83209 29.2167 0.102274 1.13682 5.05982
29.2922 0.324337 0.969957 5.06144 29.2701 0.356002 0.999371 5.08681
29.3243 0.577505 0.810598 5.08741 29.3166 0.610984 0.861619 5.10989
29.4014 0.728046 0.794428 4.80735 29.3563 0.867027 0.723698 5.12908
29.4289 0.970664 0.611307 4.81387 29.389 1.12393 0.585743 5.14439
29.4815 1.30867 0.517839 5.13006 29.4149 1.38152 0.447888 5.15584
29.5521 1.56993 0.481179 5.16328 29.4338 1.63957 0.310266 5.16347
29.5415 1.84544 0.259724 5.21772 29.4459 1.89792 0.173006 5.1673
29.5455 2.10727 0.0437266 5.20816 29.4512 2.15637 0.0362376 5.16738
29.5157 2.48813 -0.234561 5.5611 29.4496 2.41474 -0.0999139 5.16374
29.4931 2.765 -0.435321 5.54537 29.4412 2.67283 -0.235325 5.15644
29.5226 3.10681 -0.482304 5.74252 29.426 2.93047 -0.369875 5.14552
29.441 3.38564 -0.758128 5.6935 29.4042 3.18747 -0.503448 5.13105
29.4448 3.53041 -0.755164 5.26133 29.3757 3.44367 -0.635928 5.11309
29.3715 3.78816 -0.966682 5.21818 29.3406 3.69889 -0.767205 5.09171
29.3108 3.89769 -1.07506 4.73449 29.299 3.95295 -0.897172 5.06698
29.3272 4.13832 -1.00477 4.72172 29.2509 4.2057 -1.02573 5.03897
29.228 4.34715 -1.22717 4.60721 29.1964 4.45697 -1.15277 5.00776
29.1397 4.57207 -1.39479 4.55186 29.1356 4.7066 -1.2782 4.97344
29.0385 4.90348 -1.63962 4.81853 29.0686 4.95444 -1.40194 4.93609
28.9557 5.13869 -1.68973 4.74872 28.9954 5.20034 -1.52389 4.8958
28.9429 5.35967 -1.61813 4.66658 28.9162 5.44416 -1.64397 4.85267
28.8303 5.5902 -1.81432 4.62008 28.831 5.68575 -1.7621 4.80678
28.738 5.8788 -1.94643 4.74972 28.7399 5.92498 -1.87822 4.75823
28.5968 6.10906 -2.18756 4.67866 28.6431 6.16173 -1.99225 4.70713
28.4992 6.34275 -2.2721 4.6259 28.5407 6.39585 -2.10412 4.65358
28.5119 6.60166 -2.06526 4.66187 28.4327 6.62724 -2.21379 4.59767
28.4283 6.77268 -2.09388 4.43549 28.3192 6.85578 -2.32119 4.53952
28.2786 6.98148 -2.2899 4.35301 28.2005 7.08135 -2.42628 4.47922
28.1288 7.3785 -2.52784 4.83711 28.0765 7.30386 -2.529 4.41689
27.9874 7.61633 -2.69297 4.77492 27.9475 7.52321 -2.62933 4.35263
27.8688 7.81224 -2.73698 4.59243 27.8135 7.73929 -2.72722 4.28656
27.6892 8.02943 -2.96396 4.49515 27.6747 7.95203 -2.82265 4.21877
27.5232 8.23876 -3.10862 4.37997 27.5312 8.16134 -2.91558 4.14938
27.3464 8.45137 -3.34302 4.29529 27.3831 8.36714 -3.00599 4.07849
27.2209 8.57214 -3.29785 3.94247 27.2305 8.56936 -3.09388 4.00622
27.0693 8.77519 -3.40193 3.88139 27.0736 8.76794 -3.17922 3.93267
26.794 9.13129 -3.85148 4.25176 26.9125 8.9628 -3.262 3.85794
26.5584 9.32472 -3.98223 4.0833 26.7473 9.1539 -3.34223 3.78216
26.3856 9.38814 -3.94978 3.57669 26.5781 9.34119 -3.4199 3.70541
26.2544 9.57978 -3.75888 3.48509 26.4052 9.52461 -3.49502 3.62781
26.0736 9.80435 -3.84314 3.53931 26.2285 9.70414 -3.56759 3.54945
25.8843 9.97989 -3.79588 3.43206 26.0483 9.87973 -3.63763 3.47045
25.757 10.0362 -3.65576 3.02777 25.8646 10.0514 -3.70515 3.39089
25.5876 10.1947 -3.75133 2.97988 25.6776 10.219 -3.77016 3.31087
25.4285 10.2438 -3.69478 2.62426 25.4875 10.3826 -3.8327 3.2305
25.2401 10.3736 -3.74717 2.52627 25.2942 10.5422 -3.89278 3.14987
24.9971 10.5822 -3.99171 2.6616 25.098 10.6978 -3.95044 3.06906
24.7772 10.7035 -4.01059 2.52752 24.899 10.8493 -4.00571 2.98817
24.5773 10.8489 -4.07206 2.49231 24.6973 10.9967 -4.05861 2.90729
24.4345 10.9992 -3.98763 2.47633 24.493 11.1402 -4.10919 2.8265
24.2342 11.1942 -4.0556 2.59907 24.2862 11.2795 -4.15749 2.74589
24.0348 11.3213 -4.16908 2.52768 24.0771 11.4149 -4.20354 2.66553
23.8354 11.3585 -4.1629 2.1997 23.8657 11.5462 -4.24739 2.58551
23.6427 11.4719 -4.13692 2.11901 23.6522 11.6736 -4.28909 2.50589
23.3939 11.6561 -4.31813 2.25703 23.4366 11.797 -4.32868 2.42676
23.173 11.7661 -4.37366 2.1722 23.2191 11.9164 -4.36622 2.34818
22.9075 11.9423 -4.55794 2.29089 22.9998 12.0319 -4.40174 2.27022
22.7108 12.0722 -4.48922 2.25821 22.7788 12.1436 -4.43532 2.19295
22.4843 12.1712 -4.52728 2.15079 22.5561 12.2513 -4.46699 2.11642
22.2716 12.2834 -4.42517 2.09108 22.3319 12.3553 -4.49681 2.04071
21.9798 12.4104 -4.65473 2.10092 22.1062 12.4555 -4.52484 1.96586
21.7789 12.5315 -4.6528 2.07771 21.8792 12.552 -4.55114 1.89194
21.5498 12.592 -4.66138 1.89084 21.6509 12.6448 -4.57575 1.81899
21.3248 12.687 -4.61789 1.8233 21.4215 12.734 -4.59875 1.74706
21.1032 12.9015 -4.64274 2.10051 21.1909 12.8197 -4.62018 1.6762
20.8708 13.0028 -4.77524 2.03458 20.9593 12.9018 -4.6401 1.60647
20.7116 13.0163 -4.55669 1.72206 20.7267 12.9804 -4.65858 1.53789
20.4676 13.092 -4.81295 1.62132 20.4932 13.0557 -4.67567 1.47051
20.2249 13.1928 -4.85235 1.59769 20.2589 13.1276 -4.69142 1.40437
19.943 13.2478 -4.91281 1.46061 20.0239 13.1962 -4.70591 1.3395
19.7813 13.2043 -4.65743 1.06922 19.7882 13.2616 -4.71918 1.27594
19.5635 13.2672 -4.61521 1.00702 19.5518 13.3239 -4.73129 1.21372
19.2204 13.3915 -4.9694 1.1215 19.3149 13.3831 -4.7423 1.15287
18.9581 13.4339 -5.00365 1.00469 19.0774 13.4392 -4.75226 1.09341
18.7482 13.4195 -4.88809 0.742922 18.8395 13.4925 -4.76124 1.03538
18.4823 13.4409 -4.93432 0.610495 18.6011 13.5429 -4.76928 0.97879
18.2813 13.5494 -4.84215 0.726899 18.3624 13.5904 -4.77644 0.923668
18.0488 13.5935 -4.72298 0.686561 18.1233 13.6353 -4.78278 0.870034
17.8391 13.6544 -4.66647 0.683037 17.8839 13.6775 -4.78834 0.817907
17.6363 13.7095 -4.69792 0.653343 17.6443 13.7172 -4.79318 0.767303
17.373 13.7478 -4.78902 0.606565 17.4044 13.7543 -4.79734 0.718238
17.1599 13.7976 -4.76586 0.583726 17.1644 13.789 -4.80088 0.670728
16.915 13.867 -4.80016 0.630607 16.9242 13.8214 -4.80385 0.624784
16.656 13.8776 -4.85554 0.520506 16.6839 13.8516 -4.80628 0.580418
16.4933 13.834 -4.61857 0.269651 16.4434 13.8795 -4.80823 0.537642
16.2708 13.8494 -4.52841 0.221566 16.2029 13.9054 -4.80974 0.496465
16.0729 13.8469 -4.44904 0.121974 15.9623 13.9292 -4.81085 0.456895
15.8461 13.8439 -4.42657 0.042367 15.7217 13.9511 -4.8116 0.418941
15.5632 13.9055 -4.61266 0.134729 15.481 13.9712 -4.81203 0.382607
15.3661 13.9382 -4.56908 0.131761 15.2404 13.9895 -4.81218 0.347902
15.1465 13.9849 -4.55194 0.182235 14.9997 14.006 -4.81208 0.314829
14.9544 14.0169 -4.54535 0.166422 14.7591 14.021 -4.81178 0.283394
14.6343 14.042 -4.8141 0.181149 14.5184 14.0344 -4.8113 0.2536
14.36 14.0191 -4.91245 0.0498568 14.2778 14.0464 -4.81067 0.22545
14.0062 14.065 -5.23138 0.139862 14.0373 14.057 -4.80993 0.198947
13.6835 14.0198 -5.2831 -0.00141968 13.7967 14.0663 -4.8091 0.174094
13.4545 14.0192 -5.18322 -0.0544813 13.5563 14.0745 -4.80821 0.150893
13.192 14.0132 -5.08735 -0.0685649 13.3158 14.0815 -4.80729 0.129345
13.0086 13.9668 -4.87412 -0.229886 13.0755 14.0874 -4.80635 0.109452
12.7633 13.9476 -4.78085 -0.262254 12.8351 14.0925 -4.80542 0.0912136
12.5664 13.9244 -4.65718 -0.332853 12.5949 14.0966 -4.80452 0.074632
12.3697 13.9408 -4.47112 -0.26675 12.3546 14.1 -4.80366 0.0597074
12.1725 14.0124 -4.4015 -0.0992706 12.1144 14.1026 -4.80286 0.0464402
11.9682 14.0273 -4.34147 -0.0692601 11.8743 14.1046 -4.80214 0.0348309
11.6775 14.0142 -4.5537 -0.0963748 11.6342 14.1061 -4.80151 0.0248797
11.4986 14.0667 -4.37954 0.033586 11.3941 14.1072 -4.80098 0.0165867
11.1751 14.1365 -4.67867 0.235474 11.1541 14.1078 -4.80056 0.00995216
10.9446 14.1377 -4.78117 0.158258 10.914 14.1082 -4.80025 0.00497615
10.6295 14.1468 -5.00549 0.177578 10.674 14.1084 -4.80006 0.00165874
